0.24850000 0.25108333 0.25008333 0.24981250 0.24913021
0.25510417 0.24677083 0.25189583 0.24900000 0.24942708
0.24935417 0.25077083 0.25066667 0.24968750 0.25095312
0.24991667 0.25416667 0.24666667 0.24904167 0.25081771
0.25020833 0.25345833 0.24958333 0.24887500 0.25075000
0.24983333 0.25152083 0.24877083 0.24854167 0.25254688
0.25418750 0.25210417 0.25039583 0.24916667 0.25079167
0.24697917 0.24847917 0.24981250 0.25108333 0.24732292
0.25041667 0.24504167 0.24904167 0.25166667 0.24920833
0.25056250 0.25016667 0.25025000 0.24814583 0.25156771
0.24758333 0.25045833 0.25435417 0.25066667 0.25073438
0.25264583 0.24956250 0.24756250 0.25375000 0.25005729
0.24902083 0.25322917 0.25352083 0.24964583 0.24994792
0.24987500 0.24929167 0.24795833 0.24775000 0.24798438
0.24931250 0.24802083 0.25125000 0.24779167 0.24959896
0.24704167 0.25083333 0.25018750 0.24664583 0.25043750
0.25106250 0.24881250 0.25187500 0.25131250 0.25040104
0.25037500 0.25120833 0.25112500 0.25166667 0.25044792
0.25072917 0.24931250 0.24904167 0.24808333 0.25085937
0.25268750 0.24629167 0.24839583 0.24925000 0.25140104
0.24945833 0.25041667 0.25104167 0.25020833 0.24809375
0.25058333 0.24966667 0.24814583 0.24870833 0.24960937
0.24820833 0.25062500 0.24983333 0.25025000 0.24983854
0.25172917 0.25337500 0.25304167 0.25106250 0.25125521
0.24818750 0.25085417 0.24958333 0.25058333 0.25010938
0.24985417 0.24906250 0.24997917 0.25077083 0.25109896
0.25035417 0.24933333 0.24889583 0.24820833 0.24946875
0.24835417 0.24785417 0.24883333 0.24922917 0.25005729
0.25002083 0.24781250 0.25041667 0.24914583 0.24990104
0.24964583 0.25097917 0.24952083 0.25035417 0.25081250
0.25314583 0.25437500 0.25297917 0.25108333 0.25038021
0.24993750 0.25041667 0.25212500 0.25162500 0.25126042
0.24895833 0.25512500 0.24868750 0.25020833 0.24988021
0.25025000 0.24864583 0.24914583 0.25000000 0.25097396
0.25006250 0.24952083 0.24820833 0.24818750 0.24956250
0.25006250 0.25031250 0.24860417 0.25216667 0.25032292
0.24816667 0.24964583 0.24877083 0.24868750 0.25098958
0.24639583 0.25318750 0.25243750 0.24883333 0.24942708
0.24985417 0.25243750 0.25089583 0.25068750 0.24929688
0.24960417 0.24920833 0.24479167 0.25372917 0.25039583
0.25275000 0.24860417 0.24741667 0.25014583 0.24989063
0.25154167 0.24956250 0.24906250 0.24754167 0.25035937
0.25112500 0.24870833 0.25181250 0.24947917 0.25008333
0.24952083 0.25056250 0.24804167 0.24702083 0.24876042
0.25147917 0.24793750 0.25156250 0.25085417 0.25072917
0.24910417 0.24718750 0.25239583 0.24589583 0.24976562
0.25127083 0.25256250 0.24941667 0.25083333 0.25145833
0.25033333 0.25197917 0.25056250 0.25050000 0.24920833
0.24870833 0.25037500 0.25160417 0.25004167 0.24917187
0.25041667 0.25097917 0.25110417 0.24872917 0.25061458
