0.75880000 0.49096667 0.36276667 0.29856667 0.76275000
0.76896667 0.49743333 0.36870000 0.30540000 0.76820833
0.77906667 0.51633333 0.38830000 0.31206667 0.78250833
0.79526667 0.53290000 0.39876667 0.33333333 0.79450000
0.78820000 0.53320000 0.40040000 0.31980000 0.79284167
0.78853333 0.51840000 0.39306667 0.32303333 0.78957500
0.77900000 0.51303333 0.38133333 0.31036667 0.78053333
0.78320000 0.51606667 0.38880000 0.31900000 0.78098333
0.77716667 0.50923333 0.37793333 0.31766667 0.77771667
0.77366667 0.50263333 0.37753333 0.31420000 0.77798333
0.76833333 0.49743333 0.36520000 0.30796667 0.76876667
0.77710000 0.51510000 0.38376667 0.31870000 0.78219167
0.77906667 0.51300000 0.38726667 0.31440000 0.77985000
0.78813333 0.52080000 0.39843333 0.32500000 0.78546667
0.79046667 0.53203333 0.40003333 0.33193333 0.78990833
0.78740000 0.51746667 0.39166667 0.32176667 0.78505833
0.77243333 0.50253333 0.36603333 0.30720000 0.77088333
0.78040000 0.51216667 0.38310000 0.31243333 0.77791667
0.77583333 0.51533333 0.37980000 0.31003333 0.77835000
0.78550000 0.52533333 0.39013333 0.32093333 0.78741667
0.78663333 0.52186667 0.38836667 0.31663333 0.78740833
0.78993333 0.53190000 0.39370000 0.32460000 0.78923333
0.78166667 0.51820000 0.38640000 0.31906667 0.78535833
0.76620000 0.49246667 0.36603333 0.30806667 0.76490833
0.77886667 0.50660000 0.37403333 0.31546667 0.77381667
0.78740000 0.52206667 0.39233333 0.31910000 0.78720000
0.77693333 0.51456667 0.37906667 0.31000000 0.77750000
0.79756667 0.53953333 0.40920000 0.33020000 0.79690833
0.78586667 0.52156667 0.38893333 0.32356667 0.78728333
0.77403333 0.50963333 0.38166667 0.30980000 0.77799167
0.78606667 0.52986667 0.39560000 0.32620000 0.78842500
0.78250000 0.51903333 0.37870000 0.31700000 0.78125833
0.79006667 0.52150000 0.38993333 0.32183333 0.78812500
0.78336667 0.52216667 0.39426667 0.32880000 0.78785000
0.78466667 0.52270000 0.38740000 0.31953333 0.78365833
0.78510000 0.52203333 0.39520000 0.32300000 0.78638333
0.77343333 0.50563333 0.37543333 0.31246667 0.77317500
0.78340000 0.51590000 0.38336667 0.31820000 0.78476667
0.77256667 0.49956667 0.36700000 0.30716667 0.77116667
0.78386667 0.52440000 0.38673333 0.31996667 0.78387500
0.78433333 0.51970000 0.38763333 0.31853333 0.78343333
0.79446667 0.53733333 0.40423333 0.32853333 0.79545000
0.78183333 0.51563333 0.37986667 0.31576667 0.77940000
0.78636667 0.52050000 0.38953333 0.31993333 0.78651667
0.78236667 0.52790000 0.40013333 0.32346667 0.79022500
0.77510000 0.50950000 0.37600000 0.31070000 0.77645000
0.77926667 0.51633333 0.37850000 0.31186667 0.78035000
0.79070000 0.53206667 0.39643333 0.32706667 0.79137500
0.78080000 0.51850000 0.38320000 0.31863333 0.78186667
0.78870000 0.53066667 0.39460000 0.32433333 0.78827500
0.78550000 0.51870000 0.38836667 0.32450000 0.78282500
0.77453333 0.50943333 0.37483333 0.31620000 0.77548333
0.77096667 0.50593333 0.37836667 0.31196667 0.77310000
0.77666667 0.51480000 0.37660000 0.31426667 0.77865000
0.78996667 0.53130000 0.39920000 0.32463333 0.79173333
0.77453333 0.50893333 0.37856667 0.31453333 0.77720000
0.78113333 0.51846667 0.38083333 0.32090000 0.77999167
0.79256667 0.53430000 0.39493333 0.32640000 0.79352500
0.77476667 0.49960000 0.36750000 0.30786667 0.77055000
0.78830000 0.52633333 0.39100000 0.32326667 0.78925000
0.78556667 0.52270000 0.38476667 0.32036667 0.78456667
0.78850000 0.52826667 0.39133333 0.31606667 0.78635000
0.77556667 0.51300000 0.38120000 0.31003333 0.77846667
0.77170000 0.50633333 0.37330000 0.31030000 0.77349167
0.77160000 0.49763333 0.36730000 0.30853333 0.77030000
0.76906667 0.50043333 0.36950000 0.30593333 0.77270833
0.78823333 0.52673333 0.39276667 0.31750000 0.78505000
0.78793333 0.53290000 0.39830000 0.32056667 0.79227500
0.77680000 0.50796667 0.37640000 0.31450000 0.77867500
0.78523333 0.52313333 0.38740000 0.32150000 0.78560000
0.77486667 0.50736667 0.37760000 0.30983333 0.77399167
0.77313333 0.50623333 0.37706667 0.31220000 0.77370833
0.79430000 0.52833333 0.39763333 0.32676667 0.79209167
0.76503333 0.49553333 0.36426667 0.30560000 0.76690000
0.75406667 0.47586667 0.35020000 0.29806667 0.75660833
0.78166667 0.51826667 0.38376667 0.32113333 0.78182500
0.75493333 0.47843333 0.34836667 0.29556667 0.75310833
0.78740000 0.52463333 0.39400000 0.32480000 0.78797500
0.77980000 0.51290000 0.37930000 0.31293333 0.77956667
0.77200000 0.49476667 0.36463333 0.31250000 0.76767500
0.78536667 0.51250000 0.38693333 0.32093333 0.78470000
0.77160000 0.50930000 0.37810000 0.30853333 0.77699167
0.76060000 0.48656667 0.36033333 0.30620000 0.76446667
0.78896667 0.53270000 0.39200000 0.32470000 0.78615833
0.78733333 0.52566667 0.38876667 0.32413333 0.78794167
0.78673333 0.52353333 0.39666667 0.32433333 0.78847500
0.76010000 0.47966667 0.35823333 0.30416667 0.75787500
0.79080000 0.52060000 0.39066667 0.32376667 0.78948333
0.78220000 0.52520000 0.39190000 0.32456667 0.78625000
0.78466667 0.52306667 0.39066667 0.32356667 0.78466667
0.78066667 0.51620000 0.38440000 0.31090000 0.77917500
0.78033333 0.51453333 0.38530000 0.31100000 0.77963333
0.77146667 0.49510000 0.36986667 0.30630000 0.76749167
0.79310000 0.53280000 0.39526667 0.32633333 0.79101667
0.78543333 0.52136667 0.38486667 0.32223333 0.78340833
0.77316667 0.50133333 0.37200000 0.31556667 0.77464167
0.77100000 0.50110000 0.37423333 0.30756667 0.77010000
0.77973333 0.50843333 0.37933333 0.31830000 0.77646667
0.77803333 0.51653333 0.38830000 0.31840000 0.78082500
0.78783333 0.52443333 0.39503333 0.31686667 0.78571667
