0.28595000 0.24947500 0.24987500 0.25111667 0.28484375
0.28712500 0.25015833 0.24913333 0.24855000 0.28921875
0.29812500 0.25116667 0.24725000 0.24982500 0.29750625
0.30748333 0.25200833 0.25230833 0.24835000 0.30777083
0.30275833 0.25015833 0.25080000 0.25018333 0.30372500
0.29964167 0.24958333 0.25044167 0.25106667 0.30111875
0.29650833 0.25212500 0.24954167 0.24987500 0.29716458
0.29893333 0.24927500 0.24894167 0.24940000 0.29988125
0.29566667 0.24972500 0.25032500 0.25025833 0.29590833
0.29363333 0.25035833 0.25080000 0.24905000 0.29415417
0.29324167 0.24899167 0.25138333 0.24987500 0.29009583
0.29971667 0.25004167 0.25070833 0.24807500 0.29770000
0.29630000 0.25040000 0.24988333 0.24967500 0.29626042
0.30030000 0.24947500 0.24971667 0.24910833 0.30209167
0.30593333 0.25138333 0.25087500 0.24865833 0.30522083
0.30270000 0.25090000 0.25231667 0.25034167 0.30061667
0.28932500 0.24950833 0.25103333 0.25099167 0.28988125
0.29394167 0.25070000 0.24894167 0.25101667 0.29501250
0.29684167 0.25080833 0.24933333 0.24955000 0.29442500
0.30005833 0.25046667 0.24930833 0.25330833 0.30088542
0.30219167 0.24975833 0.25136667 0.25100000 0.30098125
0.30280833 0.25097500 0.25030833 0.25060833 0.30349167
0.29942500 0.25175833 0.25110000 0.24955833 0.29876250
0.28734167 0.25079167 0.24981667 0.25084167 0.28721458
0.29349167 0.24870000 0.24901667 0.25296667 0.29417500
0.30360000 0.25090000 0.24961667 0.24774167 0.30149167
0.29068333 0.24969167 0.25112500 0.24945000 0.29467500
0.31115000 0.25072500 0.25058333 0.25056667 0.31103125
0.30033333 0.24996667 0.24954167 0.24851667 0.30186667
0.29402500 0.25188333 0.24854167 0.24950000 0.29504792
0.30392500 0.24788333 0.25024167 0.25077500 0.30205208
0.29617500 0.24996667 0.24987500 0.24882500 0.29838125
0.30175833 0.25120000 0.24973333 0.24782500 0.30147500
0.30230833 0.24973333 0.25128333 0.24910833 0.30394792
0.29934167 0.25187500 0.24737500 0.24806667 0.29904375
0.29905000 0.25005000 0.24824167 0.25092500 0.30128958
0.29363333 0.25008333 0.24991667 0.24971667 0.29377292
0.29692500 0.25021667 0.25244167 0.24971667 0.29934167
0.28940833 0.24943333 0.24935000 0.25017500 0.28949583
0.30024167 0.25014167 0.24733333 0.25154167 0.29952708
0.30033333 0.24874167 0.25047500 0.24700000 0.30034583
0.30566667 0.25126667 0.24910000 0.25137500 0.30812083
0.29618333 0.25178333 0.25000000 0.25116667 0.29597083
0.30222500 0.24752500 0.24940000 0.25095833 0.30067292
0.30610833 0.25089167 0.24753333 0.24904167 0.30349792
0.29334167 0.25060000 0.24872500 0.24868333 0.29318542
0.29643333 0.25177500 0.25085000 0.25182500 0.29757500
0.30327500 0.25184167 0.24835833 0.24915000 0.30502500
0.29511667 0.25124167 0.25070833 0.25140833 0.29657292
0.30530000 0.24871667 0.24955000 0.24865833 0.30375417
0.29645833 0.25117500 0.24847500 0.24997500 0.29869167
0.29579167 0.25224167 0.24840833 0.25136667 0.29423750
0.29262500 0.25106667 0.25163333 0.24829167 0.29322083
0.29880833 0.24978333 0.25089167 0.25005833 0.29532917
0.30408333 0.24855833 0.24811667 0.25231667 0.30364583
0.29369167 0.25120833 0.24778333 0.24947500 0.29271250
0.29616667 0.24968333 0.25149167 0.25070000 0.29603333
0.30806667 0.25216667 0.24802500 0.25113333 0.30548750
0.29141667 0.25074167 0.25024167 0.25304167 0.29094167
0.30284167 0.25073333 0.24931667 0.25087500 0.30306250
0.30005000 0.25140000 0.24951667 0.24991667 0.30002083
0.30154167 0.24990833 0.25131667 0.25153333 0.30211875
0.29404167 0.25050000 0.25095833 0.24630000 0.29451042
0.29262500 0.24927500 0.25281667 0.24975000 0.29231458
0.29082500 0.25115833 0.25025000 0.24947500 0.29057500
0.29144167 0.25217500 0.25091667 0.24913333 0.28923542
0.30206667 0.24928333 0.25011667 0.25009167 0.30077708
0.30412500 0.25108333 0.24968333 0.24903333 0.30684375
0.29520833 0.25022500 0.25066667 0.24875833 0.29526042
0.30245833 0.24960000 0.25035000 0.25145000 0.30236250
0.29325833 0.25068333 0.24947500 0.25203333 0.29418958
0.29089167 0.25022500 0.24840000 0.25074167 0.29214375
0.30653333 0.25010833 0.24929167 0.25122500 0.30595000
0.28750000 0.25011667 0.24970000 0.24935833 0.28755833
0.28317500 0.25027500 0.25090000 0.25100000 0.28175833
0.29756667 0.25070833 0.25190000 0.24935833 0.29792708
0.28040000 0.24962500 0.25282500 0.25037500 0.27936042
0.30253333 0.24882500 0.25055833 0.25112500 0.30161250
0.29551667 0.25394167 0.25040000 0.25016667 0.29673958
0.28677500 0.25095833 0.25082500 0.25007500 0.28897292
0.29911667 0.25260000 0.24958333 0.24770000 0.29801250
0.29092500 0.25265000 0.25308333 0.24864167 0.29246042
0.28768333 0.24819167 0.25175833 0.24968333 0.28658333
0.30175833 0.24996667 0.25117500 0.25047500 0.30286458
0.30125833 0.25167500 0.24891667 0.25141667 0.30142083
0.30058333 0.25055000 0.24797500 0.24886667 0.30230417
0.28450000 0.25013333 0.25050833 0.24950000 0.28371042
0.30238333 0.25024167 0.25019167 0.25052500 0.30160000
0.30007500 0.24720000 0.24855000 0.24887500 0.30165208
0.29974167 0.24890833 0.25106667 0.25022500 0.30107292
0.29806667 0.25081667 0.25040000 0.25080833 0.29671042
0.29706667 0.25219167 0.24824167 0.25120000 0.29558750
0.28780000 0.25023333 0.24922500 0.24951667 0.28763125
0.30633333 0.25033333 0.24890833 0.25101667 0.30453125
0.30368333 0.25113333 0.25038333 0.24990000 0.30003333
0.29360000 0.24894167 0.24893333 0.25156667 0.29287917
0.29134167 0.25050000 0.25167500 0.24875000 0.29176250
0.29482500 0.25016667 0.24820000 0.24933333 0.29593958
0.29877500 0.25015000 0.25020833 0.24977500 0.29906667
0.30157500 0.24844167 0.25261667 0.24922500 0.30030625
