0.33364444 0.25143333 0.24857778 0.24998889 0.33550556
0.34097778 0.25215556 0.25042222 0.24933333 0.34277222
0.35782222 0.25030000 0.24800000 0.24715556 0.35631389
0.37151111 0.25284444 0.24905556 0.24781111 0.37201111
0.37012222 0.25131111 0.24852222 0.25241111 0.36636667
0.36348889 0.25268889 0.25043333 0.25183333 0.36203056
0.35545556 0.25304444 0.25105556 0.25203333 0.35455833
0.35772222 0.25377778 0.25032222 0.25027778 0.35739722
0.35420000 0.25337778 0.25085556 0.25092222 0.35285833
0.35375556 0.25362222 0.24762222 0.25085556 0.35167500
0.34304444 0.25402222 0.24691111 0.25077778 0.34393611
0.35832222 0.25180000 0.24947778 0.24927778 0.35608056
0.35557778 0.24998889 0.24975556 0.25090000 0.35475278
0.36118889 0.25306667 0.24936667 0.24917778 0.36241944
0.36785556 0.25126667 0.24920000 0.25052222 0.36867222
0.36222222 0.25302222 0.24908889 0.25034444 0.36061111
0.34578889 0.25294444 0.25191111 0.24976667 0.34429167
0.34985556 0.25293333 0.24968889 0.24975556 0.35387222
0.35571111 0.25194444 0.24998889 0.24934444 0.35259167
0.36217778 0.25181111 0.25083333 0.24768889 0.36295556
0.36134444 0.25352222 0.25035556 0.25061111 0.36138333
0.36528889 0.25114444 0.24973333 0.24983333 0.36332222
0.36168889 0.25222222 0.25228889 0.25244444 0.35886111
0.33981111 0.25110000 0.24918889 0.24848889 0.34085833
0.34942222 0.25128889 0.25117778 0.25080000 0.35157500
0.36128889 0.25417778 0.24720000 0.25065556 0.36415278
0.34806667 0.25397778 0.25095556 0.24871111 0.35178889
0.37623333 0.25405556 0.25240000 0.24881111 0.37677778
0.36167778 0.25532222 0.25274444 0.25078889 0.36190000
0.34956667 0.25188889 0.24836667 0.24950000 0.35175278
0.36575556 0.25295556 0.25115556 0.25012222 0.36351944
0.35724444 0.25147778 0.24967778 0.24857778 0.35655833
0.36335556 0.25384444 0.24981111 0.25038889 0.36423889
0.36737778 0.25001111 0.24753333 0.25101111 0.36444722
0.35912222 0.25337778 0.24901111 0.24887778 0.35990556
0.36137778 0.25450000 0.24961111 0.25153333 0.36302778
0.34816667 0.25156667 0.24842222 0.24748889 0.35075833
0.35690000 0.25255556 0.24890000 0.25051111 0.35657778
0.34062222 0.25035556 0.25261111 0.25126667 0.34339722
0.35880000 0.25182222 0.24983333 0.24840000 0.36131667
0.36141111 0.25350000 0.24841111 0.25051111 0.36008889
0.36871111 0.25303333 0.24860000 0.25135556 0.37160556
0.35227778 0.25344444 0.24792222 0.24708889 0.35498611
0.36058889 0.25277778 0.24944444 0.25132222 0.36169444
0.36434444 0.25133333 0.25062222 0.24944444 0.36665000
0.34656667 0.25432222 0.24976667 0.25135556 0.35085556
0.35554444 0.25063333 0.25244444 0.25032222 0.35600278
0.36704444 0.25692222 0.24876667 0.24788889 0.36829722
0.35497778 0.25347778 0.24981111 0.24925556 0.35643056
0.36613333 0.25197778 0.25015556 0.24971111 0.36681667
0.35772222 0.25255556 0.24845556 0.24620000 0.35850278
0.35174444 0.24842222 0.24722222 0.25063333 0.35241111
0.35174444 0.25136667 0.24824444 0.25265556 0.34843333
0.35368889 0.25394444 0.25188889 0.25035556 0.35452500
0.36738889 0.25264444 0.25096667 0.24933333 0.36642778
0.35063333 0.25138889 0.25103333 0.25118889 0.34893333
0.35675556 0.25301111 0.24912222 0.25012222 0.35613889
0.37027778 0.25407778 0.25038889 0.25031111 0.36896944
0.34677778 0.25213333 0.24988889 0.25034444 0.34540278
0.36462222 0.25473333 0.24850000 0.24934444 0.36382222
0.36085556 0.25341111 0.25237778 0.24971111 0.36196111
0.36281111 0.25260000 0.25043333 0.24687778 0.36360000
0.35380000 0.25276667 0.24903333 0.24803333 0.35335833
0.34734444 0.25237778 0.25047778 0.25006667 0.34839167
0.34355556 0.25146667 0.24952222 0.24864444 0.34321111
0.34435556 0.25302222 0.25185556 0.24936667 0.34516111
0.36328889 0.25175556 0.24851111 0.24901111 0.36312500
0.36960000 0.25412222 0.24980000 0.24968889 0.36995833
0.35293333 0.25190000 0.25103333 0.25132222 0.35288333
0.36360000 0.25247778 0.25176667 0.25244444 0.36370278
0.35024444 0.25047778 0.24926667 0.24973333 0.35049722
0.34936667 0.25337778 0.24757778 0.24956667 0.34838056
0.36873333 0.25261111 0.24978889 0.24908889 0.36952222
0.33906667 0.25231111 0.24823333 0.24908889 0.34103889
0.33004444 0.25294444 0.24720000 0.25006667 0.33249444
0.35862222 0.25078889 0.25093333 0.25180000 0.35741389
0.32698889 0.24996667 0.25021111 0.24988889 0.32641389
0.36151111 0.25345556 0.24841111 0.25028889 0.36234444
0.35278889 0.25231111 0.24920000 0.24977778 0.35438889
0.34416667 0.25366667 0.24861111 0.25140000 0.34273056
0.35594444 0.25031111 0.25074444 0.24812222 0.35960278
0.34906667 0.25263333 0.24808889 0.25033333 0.34770000
0.33996667 0.25066667 0.25007778 0.24898889 0.33881667
0.36321111 0.25013333 0.25172222 0.24970000 0.36204167
0.36117778 0.25462222 0.24994444 0.24968889 0.36336667
0.36236667 0.25267778 0.24675556 0.24922222 0.36365278
0.33530000 0.24996667 0.24880000 0.25143333 0.33351111
0.36246667 0.25160000 0.25107778 0.24925556 0.36410833
0.36157778 0.25327778 0.24946667 0.24910000 0.36286389
0.36244444 0.25212222 0.25328889 0.24978889 0.35981111
0.35583333 0.25076667 0.24928889 0.24924444 0.35626111
0.35303333 0.25211111 0.24833333 0.25236667 0.35566944
0.33846667 0.25010000 0.25076667 0.25022222 0.33984722
0.36590000 0.25052222 0.25066667 0.25163333 0.36776944
0.36246667 0.25038889 0.24952222 0.24776667 0.36217222
0.34925556 0.25218889 0.24803333 0.25076667 0.34901389
0.34632222 0.25228889 0.24913333 0.24987778 0.34440000
0.35375556 0.25198889 0.24965556 0.24812222 0.35398889
0.36061111 0.25068889 0.24903333 0.25138889 0.35733889
0.36198889 0.25105556 0.25156667 0.25121111 0.36161389
