0.25189189 0.24391892 0.24762162 0.24937838 0.25077027
0.24689189 0.25002703 0.24837838 0.24797297 0.25054730
0.25048649 0.24997297 0.25200000 0.25075676 0.25017568
0.24875676 0.24805405 0.24935135 0.24618919 0.25041216
0.24651351 0.25010811 0.25243243 0.25118919 0.24937838
0.24940541 0.25021622 0.25127027 0.25029730 0.24989865
0.25294595 0.25059459 0.24729730 0.24713514 0.24951351
0.25127027 0.25459459 0.24645946 0.25000000 0.25023649
0.25002703 0.25237838 0.24632432 0.24621622 0.24989865
0.24905405 0.25091892 0.25062162 0.25162162 0.25068919
0.24621622 0.25008108 0.24864865 0.25318919 0.25052027
0.25459459 0.25054054 0.24651351 0.24886486 0.25092568
0.24870270 0.25178378 0.24916216 0.24972973 0.25090541
0.25429730 0.24721622 0.25205405 0.24670270 0.25224324
0.25056757 0.25035135 0.25375676 0.25145946 0.25187162
0.25356757 0.25405405 0.25175676 0.24910811 0.25160135
0.24910811 0.24913514 0.25343243 0.25302703 0.25152703
0.25178378 0.24756757 0.25481081 0.25021622 0.24971622
0.24748649 0.25521622 0.24972973 0.24840541 0.25000676
0.25108108 0.25081081 0.25013514 0.25051351 0.24989865
0.25121622 0.25008108 0.24935135 0.25140541 0.25039865
0.25310811 0.24875676 0.24902703 0.25143243 0.25287838
0.25248649 0.25118919 0.24535135 0.25175676 0.24965541
0.25045946 0.24716216 0.24913514 0.25029730 0.25082432
0.24675676 0.24956757 0.24910811 0.25135135 0.25139865
0.24770270 0.24983784 0.25291892 0.25224324 0.24897973
0.25035135 0.25281081 0.24527027 0.24910811 0.24701351
0.24775676 0.25108108 0.25132432 0.25281081 0.25218919
0.25524324 0.24951351 0.24821622 0.24508108 0.25060135
0.24729730 0.24886486 0.25024324 0.25175676 0.24904730
0.25127027 0.25054054 0.24883784 0.25170270 0.24977027
0.24945946 0.25264865 0.24891892 0.25045946 0.25086486
0.25389189 0.25040541 0.25221622 0.24859459 0.24989865
0.24808108 0.25056757 0.24900000 0.24756757 0.24949324
0.24670270 0.24994595 0.25321622 0.25232432 0.25016216
0.25151351 0.24713514 0.25064865 0.24956757 0.24916216
0.25170270 0.24710811 0.24935135 0.24435135 0.25062162
0.25064865 0.25064865 0.25040541 0.25140541 0.24926351
0.25210811 0.25127027 0.24640541 0.24940541 0.24933784
0.25283784 0.24794595 0.24967568 0.25148649 0.25007432
0.25470270 0.24983784 0.25021622 0.25037838 0.24969595
0.24737838 0.25456757 0.24797297 0.25059459 0.25107432
0.24624324 0.24859459 0.24748649 0.24902703 0.25058784
0.25359459 0.24913514 0.24759459 0.25102703 0.25058108
0.25108108 0.25059459 0.25202703 0.25281081 0.25042568
0.25256757 0.24667568 0.25424324 0.24908108 0.25100676
0.25086486 0.24954054 0.25105405 0.24994595 0.24810811
0.24989189 0.25072973 0.25070270 0.25064865 0.25110811
0.25016216 0.24759459 0.24754054 0.25054054 0.24781081
0.25045946 0.25045946 0.25256757 0.24829730 0.25235811
