0.26955000 0.25070000 0.24960000 0.24990000 0.27018393
0.27226429 0.25030000 0.25166429 0.24900714 0.27119107
0.28165714 0.24880000 0.24912143 0.25122857 0.27830357
0.28620000 0.24934286 0.24883571 0.24832143 0.28588393
0.28308571 0.24904286 0.24867143 0.24937143 0.28195714
0.28126429 0.24968571 0.24959286 0.25065000 0.28091071
0.27890714 0.25152857 0.24806429 0.25232857 0.27764643
0.27761429 0.24866429 0.25146429 0.25017143 0.27808214
0.27552857 0.24853571 0.25162143 0.25119286 0.27598750
0.27678571 0.25033571 0.24887857 0.24937143 0.27534107
0.27409286 0.24950000 0.25067143 0.24882857 0.27305536
0.27865000 0.25006429 0.24940000 0.24985714 0.27883214
0.27798571 0.25023571 0.25010714 0.24783571 0.27640536
0.28162857 0.25161429 0.25082857 0.24965000 0.28063571
0.28221429 0.25103571 0.25031429 0.24838571 0.28410179
0.27954286 0.25098571 0.25167857 0.25137857 0.28059821
0.27320714 0.24778571 0.24882143 0.25041429 0.27329107
0.27759286 0.25026429 0.24987857 0.24905714 0.27675893
0.27745000 0.25095000 0.24752857 0.25066429 0.27709643
0.28117857 0.24973571 0.25069286 0.25217857 0.27978214
0.28112143 0.24927857 0.25005714 0.25176429 0.28003393
0.28303571 0.25075000 0.24850000 0.25068571 0.28215000
0.28022143 0.24890714 0.24963571 0.25110000 0.27830714
0.27264286 0.25012857 0.25050000 0.25097143 0.27154821
0.27522143 0.25045000 0.24846429 0.25025714 0.27509821
0.27963571 0.25031429 0.25317143 0.24823571 0.28140179
0.27396429 0.25114286 0.25152143 0.24997143 0.27503571
0.28806429 0.25077143 0.24888571 0.24783571 0.28856071
0.28012143 0.25157857 0.24842857 0.25042857 0.27996964
0.27762857 0.24844286 0.24918571 0.24972143 0.27563393
0.28097143 0.25106429 0.24870000 0.25025000 0.28169286
0.27812857 0.24935000 0.24892857 0.25102143 0.27795179
0.28038571 0.25042143 0.25103571 0.25118571 0.28176250
0.28305000 0.24996429 0.25182143 0.25097857 0.28228036
0.28012143 0.24846429 0.24934286 0.24890714 0.27848929
0.28032143 0.25141429 0.24884286 0.24901429 0.28120536
0.27361429 0.25063571 0.24970714 0.25232857 0.27429643
0.27942143 0.25055000 0.24940000 0.25040714 0.27831429
0.27340714 0.24995000 0.24815000 0.24864286 0.27345179
0.27862857 0.24949286 0.25138571 0.25006429 0.27964821
0.27864286 0.25193571 0.25038571 0.25045000 0.28060179
0.28551429 0.25097143 0.24937143 0.24972857 0.28527143
0.27807143 0.24907857 0.24807857 0.24725714 0.27715179
0.27857857 0.24915000 0.25045714 0.25232143 0.28103393
0.28363571 0.24921429 0.25024286 0.24872857 0.28273393
0.27721429 0.24962143 0.24945000 0.25027143 0.27540179
0.27665000 0.25113571 0.25192143 0.24970714 0.27726786
0.28514286 0.25093571 0.25187143 0.25201429 0.28400893
0.27816429 0.25169286 0.25293571 0.25081429 0.27793214
0.28315714 0.25093571 0.24986429 0.24922857 0.28281607
0.27884286 0.25150714 0.24927143 0.24961429 0.27976964
0.27385000 0.25094286 0.25098571 0.25143571 0.27542679
0.27483571 0.24893571 0.24970000 0.24842143 0.27576786
0.27829286 0.24817143 0.24982143 0.24933571 0.27696786
0.28332143 0.24953571 0.24950714 0.24906429 0.28293393
0.27417143 0.24978571 0.24960000 0.24987143 0.27536250
0.27908571 0.24993571 0.24941429 0.25102857 0.27677500
0.28413571 0.25160000 0.24882857 0.24797857 0.28460179
0.27298571 0.25128571 0.24961429 0.25227143 0.27344821
0.28129286 0.24792143 0.25187857 0.24847143 0.28200000
0.28260000 0.24908571 0.25085714 0.24939286 0.28001964
0.28012143 0.25001429 0.25035714 0.24945714 0.28065000
0.27577857 0.25310000 0.24978571 0.24842143 0.27571964
0.27485714 0.25186429 0.25032857 0.24885714 0.27352321
0.27316429 0.25118571 0.24811429 0.25060000 0.27297500
0.27415000 0.25049286 0.24925000 0.25076429 0.27371071
0.27888571 0.25135714 0.25032143 0.25081429 0.28116071
0.28342143 0.24993571 0.24905714 0.24949286 0.28401071
0.27636429 0.25078571 0.24884286 0.25141429 0.27714464
0.28142143 0.25068571 0.24952857 0.24792857 0.28141429
0.27438571 0.25161429 0.24994286 0.24948571 0.27610893
0.27427143 0.25101429 0.24990000 0.24888571 0.27414643
0.28202143 0.25245714 0.25032857 0.25017143 0.28360893
0.27007857 0.25035714 0.25029286 0.24850714 0.27105000
0.26946429 0.25063571 0.25205714 0.24973571 0.26787321
0.27824286 0.24942143 0.25142143 0.24977857 0.27863750
0.26790714 0.25074286 0.25088571 0.24891429 0.26702500
0.28263571 0.24858571 0.24972143 0.24956429 0.28063929
0.27910714 0.25102143 0.25005000 0.25023571 0.27806607
0.27250000 0.25114286 0.24764286 0.25009286 0.27244643
0.27769286 0.24880000 0.24975000 0.25157143 0.27980536
0.27510714 0.25047143 0.24991429 0.24875000 0.27496250
0.27070000 0.24910000 0.24912857 0.25153571 0.27124643
0.28064286 0.24985000 0.25268571 0.24945714 0.28058393
0.27894286 0.24963571 0.25127143 0.24996429 0.28043571
0.28170000 0.24972857 0.24832857 0.24931429 0.28187143
0.26700714 0.24936429 0.25217143 0.25065000 0.26815536
0.28028571 0.25072143 0.24785714 0.24738571 0.28090179
0.28221429 0.25125714 0.24723571 0.24945000 0.28005714
0.28073571 0.25021429 0.24906429 0.24963571 0.27861607
0.27724286 0.25170000 0.25067143 0.24871429 0.27745357
0.27727857 0.25054286 0.25027143 0.25075000 0.27729821
0.27088571 0.25120000 0.25000714 0.25017143 0.27024643
0.28220000 0.24904286 0.24867857 0.24957857 0.28281250
0.28042143 0.25130714 0.24906429 0.24975000 0.28029286
0.27552857 0.24925000 0.25245714 0.24965714 0.27548750
0.27621429 0.25132143 0.25127857 0.25060000 0.27280179
0.27793571 0.24687143 0.24819286 0.24916429 0.27624286
0.28039286 0.24917857 0.25076429 0.24952857 0.27951429
0.28071429 0.25097143 0.25037143 0.24995000 0.27931786
