0.55184000 0.29994000 0.25770000 0.25354000 0.54993500
0.56428000 0.30424000 0.25818000 0.25472000 0.56218500
0.58188000 0.31464000 0.26286000 0.25258000 0.58225000
0.60030000 0.32572000 0.26554000 0.25448000 0.60135500
0.59542000 0.31854000 0.26284000 0.25712000 0.59310500
0.58654000 0.32016000 0.25996000 0.25814000 0.58907500
0.57868000 0.31270000 0.26372000 0.25106000 0.57744000
0.58358000 0.31620000 0.26152000 0.24994000 0.58120000
0.57770000 0.31338000 0.26040000 0.25396000 0.57484000
0.57426000 0.31116000 0.26450000 0.25198000 0.57388000
0.56284000 0.30602000 0.26148000 0.25394000 0.56374000
0.57864000 0.31368000 0.25728000 0.25268000 0.57913500
0.57806000 0.31586000 0.26242000 0.24864000 0.57823000
0.59050000 0.31998000 0.26114000 0.25520000 0.58759500
0.59724000 0.32204000 0.26510000 0.25288000 0.59436500
0.58616000 0.31776000 0.26514000 0.25380000 0.58492500
0.56692000 0.30704000 0.26032000 0.25378000 0.56554500
0.57372000 0.30920000 0.26154000 0.24888000 0.57666000
0.57286000 0.30938000 0.26126000 0.25242000 0.57653000
0.59108000 0.31644000 0.26616000 0.25652000 0.58781500
0.59018000 0.31546000 0.26270000 0.25450000 0.58731500
0.58830000 0.31562000 0.26054000 0.25390000 0.59216000
0.58110000 0.31256000 0.26084000 0.25192000 0.58397500
0.55620000 0.30374000 0.26046000 0.25350000 0.55937500
0.57014000 0.30892000 0.26212000 0.25410000 0.57178500
0.58528000 0.31782000 0.26380000 0.25366000 0.58866000
0.57306000 0.30694000 0.26172000 0.25574000 0.57476500
0.60756000 0.32768000 0.26630000 0.25344000 0.60540000
0.58376000 0.32032000 0.26438000 0.25268000 0.58954500
0.57250000 0.31128000 0.26282000 0.25452000 0.57481500
0.59314000 0.32004000 0.26208000 0.25390000 0.59067000
0.57788000 0.31564000 0.26300000 0.25308000 0.58240000
0.58850000 0.31870000 0.26240000 0.24864000 0.58963500
0.58854000 0.32178000 0.26244000 0.25372000 0.59116500
0.58562000 0.31566000 0.26260000 0.25174000 0.58509000
0.58596000 0.31770000 0.26600000 0.25394000 0.58630500
0.57232000 0.30984000 0.25946000 0.25154000 0.57210000
0.57972000 0.31334000 0.26358000 0.25046000 0.58284500
0.56276000 0.30640000 0.26084000 0.25418000 0.56398500
0.58558000 0.31558000 0.26454000 0.25462000 0.58452000
0.58498000 0.31760000 0.25944000 0.25450000 0.58451500
0.59976000 0.32264000 0.26416000 0.25276000 0.60072000
0.57654000 0.31454000 0.26400000 0.24986000 0.58006500
0.58378000 0.31518000 0.26326000 0.25564000 0.58679000
0.59048000 0.31674000 0.26418000 0.25046000 0.59169500
0.57240000 0.31166000 0.26340000 0.25230000 0.57168000
0.57960000 0.31026000 0.26028000 0.25036000 0.57828500
0.59978000 0.32016000 0.26682000 0.25430000 0.59404500
0.57474000 0.31552000 0.25894000 0.25546000 0.57948500
0.59274000 0.32402000 0.26142000 0.25454000 0.59419500
0.58092000 0.31638000 0.26400000 0.25224000 0.58093500
0.57732000 0.31368000 0.26224000 0.25120000 0.57294500
0.56364000 0.31080000 0.26184000 0.24914000 0.57120000
0.58002000 0.31204000 0.26140000 0.25260000 0.57749500
0.59388000 0.32540000 0.26382000 0.25468000 0.59207000
0.57038000 0.30932000 0.26456000 0.25122000 0.56919000
0.57914000 0.31280000 0.26526000 0.25590000 0.57805500
0.59474000 0.32394000 0.26658000 0.25138000 0.59510000
0.56132000 0.30720000 0.26162000 0.24910000 0.56374500
0.58952000 0.31670000 0.26550000 0.25628000 0.59116500
0.58398000 0.31664000 0.26594000 0.25098000 0.58700500
0.58864000 0.31854000 0.26352000 0.25292000 0.58755500
0.57202000 0.31376000 0.26230000 0.25074000 0.57510000
0.57204000 0.30548000 0.26298000 0.25326000 0.56644000
0.56072000 0.30380000 0.26198000 0.25184000 0.56183500
0.56838000 0.30460000 0.25946000 0.25344000 0.56540000
0.58820000 0.31800000 0.26152000 0.25212000 0.58840000
0.59774000 0.32458000 0.26792000 0.25186000 0.59706500
0.57084000 0.31422000 0.26166000 0.24972000 0.57486000
0.58544000 0.31776000 0.26374000 0.25182000 0.58699500
0.56834000 0.30716000 0.26134000 0.25272000 0.57200500
0.56544000 0.30826000 0.26144000 0.25338000 0.56924000
0.59522000 0.32144000 0.26300000 0.25634000 0.59644000
0.55798000 0.30144000 0.25792000 0.25246000 0.55746500
0.54034000 0.29438000 0.25620000 0.24936000 0.54343500
0.58102000 0.31554000 0.26104000 0.25490000 0.58529000
0.54154000 0.29228000 0.25544000 0.25054000 0.53817000
0.58580000 0.31854000 0.26486000 0.25430000 0.58931500
0.57704000 0.31152000 0.26226000 0.24964000 0.58016000
0.56314000 0.30444000 0.26080000 0.25246000 0.56135500
0.58498000 0.31572000 0.26702000 0.24972000 0.58354000
0.57008000 0.30878000 0.25752000 0.25204000 0.57162000
0.55946000 0.30504000 0.26194000 0.24906000 0.55694000
0.59008000 0.31648000 0.26688000 0.25340000 0.58823000
0.58330000 0.31750000 0.26422000 0.25168000 0.58912000
0.59086000 0.31888000 0.26410000 0.24928000 0.59024000
0.54392000 0.29752000 0.25750000 0.25208000 0.54689500
0.58808000 0.31842000 0.26292000 0.25460000 0.58924000
0.58800000 0.31932000 0.26230000 0.25846000 0.58550000
0.58342000 0.31934000 0.26238000 0.25462000 0.58565500
0.57866000 0.31548000 0.26314000 0.25196000 0.57895000
0.57780000 0.31462000 0.26310000 0.25310000 0.57942000
0.55778000 0.30316000 0.25746000 0.25096000 0.55701500
0.59724000 0.32384000 0.26396000 0.25090000 0.59729000
0.58676000 0.31930000 0.26370000 0.25196000 0.58587500
0.57104000 0.30630000 0.26178000 0.25106000 0.57294000
0.56480000 0.30352000 0.26372000 0.24820000 0.56445500
0.57572000 0.31022000 0.26114000 0.25230000 0.57536500
0.57958000 0.31712000 0.26062000 0.25412000 0.58140500
0.58568000 0.31530000 0.26224000 0.24960000 0.58596000
