0.25286207 0.25210345 0.25179310 0.24900000 0.24969828
0.24793103 0.25179310 0.24903448 0.24965517 0.24989655
0.24827586 0.25086207 0.24962069 0.25282759 0.25267241
0.25455172 0.24775862 0.24768966 0.24627586 0.25301724
0.25210345 0.25148276 0.24924138 0.24720690 0.25006897
0.25237931 0.24734483 0.24986207 0.24806897 0.24988793
0.24600000 0.24982759 0.25117241 0.24648276 0.25165517
0.24482759 0.25237931 0.25289655 0.25106897 0.25001724
0.25382759 0.24762069 0.24948276 0.25289655 0.25196552
0.25213793 0.25189655 0.24889655 0.24675862 0.25089655
0.25224138 0.25013793 0.24700000 0.24513793 0.25105172
0.25296552 0.25037931 0.25472414 0.24662069 0.24789655
0.25441379 0.24924138 0.25506897 0.24744828 0.25203448
0.24772414 0.25148276 0.24979310 0.24610345 0.25435345
0.24979310 0.25262069 0.25300000 0.24865517 0.24836207
0.24679310 0.24889655 0.25355172 0.24775862 0.25141379
0.25010345 0.24727586 0.25179310 0.24662069 0.25055172
0.24924138 0.24800000 0.24924138 0.25155172 0.25000862
0.25234483 0.24975862 0.25400000 0.24834483 0.25473276
0.25489655 0.25131034 0.25189655 0.24889655 0.25079310
0.24655172 0.24303448 0.24710345 0.24386207 0.25043966
0.24937931 0.24934483 0.24979310 0.24589655 0.24972414
0.24786207 0.24382759 0.25055172 0.25527586 0.25062931
0.24948276 0.25027586 0.24520690 0.25375862 0.25241379
0.25237931 0.25144828 0.24986207 0.25037931 0.25055172
0.25262069 0.25396552 0.25086207 0.25024138 0.24995690
0.25162069 0.24493103 0.25300000 0.24962069 0.25168966
0.25024138 0.24855172 0.24806897 0.24872414 0.25157759
0.25355172 0.25303448 0.25148276 0.25258621 0.24991379
0.24496552 0.24986207 0.25017241 0.24613793 0.25100000
0.24824138 0.24575862 0.25275862 0.24741379 0.25168966
0.25062069 0.25393103 0.24731034 0.25062069 0.25243103
0.25051724 0.25093103 0.25131034 0.25058621 0.25159483
0.25241379 0.24672414 0.25217241 0.24858621 0.25049138
0.25448276 0.25162069 0.25003448 0.24848276 0.25061207
0.25206897 0.25275862 0.24744828 0.25055172 0.25212069
0.25524138 0.25048276 0.24868966 0.24813793 0.25167241
0.25168966 0.25186207 0.24927586 0.25186207 0.24904310
0.25355172 0.24527586 0.24962069 0.25158621 0.25113793
0.24844828 0.24831034 0.25251724 0.25058621 0.25193966
0.25320690 0.24944828 0.24582759 0.24903448 0.25055172
0.24765517 0.25365517 0.25103448 0.25144828 0.25139655
0.25127586 0.24420690 0.25062069 0.25120690 0.25126724
0.24765517 0.24762069 0.25234483 0.24751724 0.25113793
0.25027586 0.25365517 0.24610345 0.24817241 0.25144828
0.25441379 0.25189655 0.24855172 0.25268966 0.25078448
0.25044828 0.24951724 0.24786207 0.24682759 0.25156897
0.25286207 0.24872414 0.25031034 0.24979310 0.25321552
0.24786207 0.25062069 0.24951724 0.24951724 0.25031034
0.25320690 0.25275862 0.25034483 0.24634483 0.25043103
