0.25033333 0.24800000 0.24879167 0.24829167 0.25409375
0.25170833 0.24854167 0.25350000 0.25400000 0.25339583
0.25387500 0.24950000 0.24983333 0.24925000 0.25342708
0.25366667 0.25100000 0.24891667 0.24887500 0.25362500
0.25058333 0.24645833 0.25250000 0.25087500 0.25286458
0.24962500 0.25141667 0.24933333 0.25133333 0.25413542
0.25587500 0.25225000 0.25254167 0.24695833 0.25545833
0.25187500 0.24879167 0.25795833 0.25304167 0.25139583
0.25337500 0.25250000 0.25041667 0.24862500 0.25400000
0.25483333 0.24862500 0.24841667 0.25370833 0.25235417
0.25020833 0.25129167 0.24587500 0.24895833 0.25130208
0.25279167 0.25187500 0.24887500 0.25025000 0.25288542
0.24725000 0.24691667 0.24620833 0.24800000 0.25282292
0.25108333 0.25354167 0.25129167 0.24837500 0.25586458
0.25000000 0.25245833 0.24787500 0.25483333 0.25256250
0.25279167 0.25087500 0.25187500 0.25191667 0.25086458
0.26312500 0.25183333 0.24537500 0.25466667 0.25509375
0.25387500 0.25358333 0.24679167 0.24016667 0.25012500
0.25283333 0.25275000 0.25012500 0.25045833 0.25340625
0.25075000 0.24987500 0.24845833 0.24975000 0.25126042
0.25487500 0.25070833 0.25079167 0.25129167 0.25681250
0.25466667 0.25404167 0.25137500 0.25362500 0.25100000
0.25262500 0.24933333 0.25037500 0.25245833 0.25138542
0.25220833 0.25375000 0.25029167 0.25237500 0.25477083
0.25470833 0.25083333 0.25570833 0.24895833 0.25175000
0.25054167 0.24804167 0.25516667 0.25337500 0.24831250
0.25800000 0.25254167 0.25416667 0.24804167 0.25305208
0.25554167 0.24950000 0.24933333 0.24950000 0.25197917
0.25366667 0.24841667 0.24850000 0.24862500 0.25069792
0.25762500 0.24979167 0.24954167 0.24958333 0.25272917
0.25470833 0.25350000 0.25408333 0.24925000 0.25143750
0.25145833 0.25075000 0.24750000 0.25120833 0.25167708
0.25279167 0.24629167 0.24683333 0.25366667 0.25278125
0.25391667 0.25050000 0.24816667 0.25041667 0.25443750
0.25166667 0.24825000 0.24804167 0.25045833 0.25486458
0.25370833 0.25116667 0.24925000 0.25445833 0.25305208
0.25787500 0.24962500 0.24933333 0.25175000 0.25418750
0.24825000 0.24720833 0.25387500 0.25083333 0.25088542
0.25187500 0.25016667 0.25016667 0.24550000 0.25159375
0.25112500 0.25000000 0.24912500 0.24641667 0.25301042
0.25387500 0.24591667 0.24841667 0.25079167 0.25198958
0.25429167 0.24850000 0.25058333 0.24862500 0.25613542
0.25945833 0.25154167 0.24950000 0.24350000 0.25210417
0.25216667 0.24887500 0.25125000 0.24937500 0.25368750
0.25170833 0.25579167 0.25695833 0.24708333 0.25361458
0.24941667 0.24987500 0.25125000 0.24883333 0.25166667
0.24729167 0.24966667 0.25133333 0.24862500 0.25222917
0.25516667 0.25012500 0.24725000 0.24716667 0.25480208
0.25362500 0.24700000 0.24616667 0.24429167 0.24948958
0.24904167 0.25087500 0.24670833 0.25129167 0.25247917
