0.36902500 0.25257500 0.24997500 0.25163750 0.37072813
0.37850000 0.25368750 0.24955000 0.24865000 0.38022187
0.39353750 0.25435000 0.25086250 0.24915000 0.39690313
0.41122500 0.25623750 0.25076250 0.24943750 0.41215625
0.40695000 0.25580000 0.25090000 0.24957500 0.40825625
0.40066250 0.25736250 0.25138750 0.24945000 0.40333750
0.39467500 0.25572500 0.24935000 0.25277500 0.39335625
0.39511250 0.25620000 0.24923750 0.25001250 0.39741250
0.39066250 0.25645000 0.24781250 0.25051250 0.39215937
0.39052500 0.25490000 0.25078750 0.24953750 0.39051562
0.38058750 0.25358750 0.25056250 0.24713750 0.38144375
0.39376250 0.25673750 0.24852500 0.25367500 0.39469375
0.39441250 0.25301250 0.25013750 0.24887500 0.39258437
0.40043750 0.25790000 0.25070000 0.25216250 0.40100625
0.40827500 0.25436250 0.24856250 0.24946250 0.40692187
0.40032500 0.25437500 0.25168750 0.25151250 0.40028438
0.37787500 0.25106250 0.25012500 0.24871250 0.38127187
0.39631250 0.25890000 0.25103750 0.24985000 0.39082813
0.39307500 0.25502500 0.24905000 0.24873750 0.39205313
0.40155000 0.25885000 0.24955000 0.24882500 0.40168437
0.40177500 0.25863750 0.24875000 0.24897500 0.40190000
0.40573750 0.25763750 0.25075000 0.25002500 0.40482812
0.39806250 0.25371250 0.25486250 0.24897500 0.39793125
0.37725000 0.25482500 0.24938750 0.24950000 0.37663438
0.38902500 0.25527500 0.25303750 0.24913750 0.38866875
0.40340000 0.25696250 0.25075000 0.24878750 0.40276250
0.38722500 0.25250000 0.24806250 0.24955000 0.38830313
0.41831250 0.25622500 0.25107500 0.25305000 0.41965000
0.40295000 0.25833750 0.24812500 0.25060000 0.40219063
0.39061250 0.25655000 0.24953750 0.24875000 0.39064688
0.40598750 0.25630000 0.25093750 0.24801250 0.40406250
0.39536250 0.25916250 0.25201250 0.24677500 0.39775938
0.40382500 0.25740000 0.25030000 0.25172500 0.40320000
0.40380000 0.25386250 0.24806250 0.24940000 0.40547813
0.39856250 0.25490000 0.24890000 0.24842500 0.39848125
0.40311250 0.25756250 0.24843750 0.25150000 0.40110000
0.38760000 0.25385000 0.25020000 0.25035000 0.38777500
0.39741250 0.25388750 0.24926250 0.24873750 0.39611875
0.38030000 0.25335000 0.24893750 0.25132500 0.37926562
0.40057500 0.25701250 0.25035000 0.25157500 0.40152187
0.39900000 0.25680000 0.24958750 0.25063750 0.39969375
0.41238750 0.25733750 0.25156250 0.25230000 0.41453438
0.39272500 0.25267500 0.24738750 0.25161250 0.39318750
0.39841250 0.25372500 0.25076250 0.24785000 0.39979375
0.40737500 0.25588750 0.24960000 0.25061250 0.40646875
0.38906250 0.25432500 0.24861250 0.24998750 0.38666875
0.39626250 0.25415000 0.25058750 0.25311250 0.39504688
0.40793750 0.25700000 0.25248750 0.24833750 0.40945938
0.39323750 0.25557500 0.24737500 0.25030000 0.39506875
0.40753750 0.25888750 0.25156250 0.25310000 0.40449687
0.39788750 0.25300000 0.24770000 0.24907500 0.39657813
0.39035000 0.25448750 0.25086250 0.25003750 0.39023750
0.38531250 0.25420000 0.24907500 0.25056250 0.38854375
0.39162500 0.25551250 0.24953750 0.24860000 0.39281875
0.40480000 0.25980000 0.24723750 0.25023750 0.40751875
0.38635000 0.25802500 0.24917500 0.25025000 0.38620938
0.39506250 0.25683750 0.25236250 0.24647500 0.39549688
0.40817500 0.25770000 0.24953750 0.24983750 0.41183437
0.38127500 0.25505000 0.25070000 0.24887500 0.38175938
0.40380000 0.25775000 0.24913750 0.25097500 0.40513125
0.39975000 0.25325000 0.25562500 0.24763750 0.40211562
0.40453750 0.25781250 0.25028750 0.24853750 0.40190000
0.39146250 0.25491250 0.25073750 0.25225000 0.39225938
0.38153750 0.25466250 0.25051250 0.24891250 0.38520625
0.38005000 0.25312500 0.25001250 0.24847500 0.37995313
0.38380000 0.25282500 0.25238750 0.25087500 0.38323125
0.39971250 0.25516250 0.25080000 0.25316250 0.40175625
0.41081250 0.25656250 0.24775000 0.25056250 0.40993438
0.39176250 0.25692500 0.25117500 0.25181250 0.39163125
0.40276250 0.25886250 0.25227500 0.24895000 0.40172500
0.38981250 0.25342500 0.25166250 0.24845000 0.38731562
0.38686250 0.25357500 0.24816250 0.25078750 0.38671563
0.41323750 0.25645000 0.24916250 0.24911250 0.41075000
0.37476250 0.25415000 0.24883750 0.24928750 0.37639062
0.36703750 0.25245000 0.25092500 0.24912500 0.36615000
0.39748750 0.25942500 0.25062500 0.24997500 0.39677812
0.35801250 0.25096250 0.24783750 0.24940000 0.36138437
0.40353750 0.25482500 0.25118750 0.25108750 0.40230625
0.39580000 0.25637500 0.24805000 0.24950000 0.39388125
0.37965000 0.25398750 0.24887500 0.24945000 0.37918750
0.40116250 0.25688750 0.24991250 0.25245000 0.39733125
0.38620000 0.25415000 0.24955000 0.24883750 0.38847500
0.37607500 0.25460000 0.25101250 0.25080000 0.37615938
0.40416250 0.25456250 0.24656250 0.24900000 0.40374375
0.40301250 0.25792500 0.24978750 0.24766250 0.40248125
0.40501250 0.25590000 0.24906250 0.25160000 0.40418437
0.36656250 0.25342500 0.25231250 0.25176250 0.37025313
0.40317500 0.25540000 0.24986250 0.25026250 0.40265625
0.40198750 0.25676250 0.25023750 0.25015000 0.40271250
0.40081250 0.25410000 0.24950000 0.24901250 0.40035938
0.39622500 0.25377500 0.25192500 0.24926250 0.39463437
0.39312500 0.25838750 0.25080000 0.24966250 0.39221250
0.37496250 0.24978750 0.25283750 0.25040000 0.37621250
0.40788750 0.25745000 0.24983750 0.24856250 0.40760000
0.40273750 0.25588750 0.25345000 0.24740000 0.39898125
0.38716250 0.25597500 0.25310000 0.24807500 0.38667500
0.38270000 0.25417500 0.25063750 0.25447500 0.38315625
0.39258750 0.25151250 0.24883750 0.25225000 0.39029063
0.39518750 0.25655000 0.24843750 0.25052500 0.39768125
0.39886250 0.25616250 0.25075000 0.24900000 0.40141562
