0.49550000 0.27333333 0.26400000 0.25816667 0.48566667
0.47166667 0.27250000 0.25666667 0.24050000 0.46404167
0.49716667 0.28150000 0.25100000 0.25033333 0.48566667
0.50083333 0.27250000 0.25150000 0.24383333 0.50237500
0.48316667 0.26916667 0.25833333 0.25516667 0.47812500
0.47900000 0.27166667 0.24933333 0.25400000 0.49087500
0.47483333 0.27100000 0.25366667 0.25566667 0.47595833
0.47416667 0.26200000 0.25150000 0.25566667 0.47433333
0.49766667 0.28466667 0.24950000 0.24266667 0.49766667
0.49466667 0.26733333 0.26300000 0.24683333 0.48966667
0.47783333 0.26416667 0.25233333 0.24800000 0.47108333
0.48550000 0.27866667 0.25433333 0.24633333 0.48600000
0.48066667 0.27400000 0.24183333 0.24850000 0.48283333
0.49933333 0.27900000 0.26366667 0.25033333 0.49645833
0.46916667 0.26500000 0.25266667 0.25216667 0.47008333
0.46333333 0.27766667 0.24966667 0.25450000 0.46112500
0.49416667 0.27116667 0.24966667 0.24166667 0.50029167
0.45466667 0.26500000 0.25300000 0.25100000 0.47233333
0.49483333 0.27883333 0.25600000 0.24366667 0.49320833
0.47883333 0.27233333 0.24833333 0.24600000 0.47229167
0.48883333 0.28133333 0.23816667 0.25966667 0.49758333
0.50266667 0.28366667 0.26933333 0.25383333 0.50654167
0.48100000 0.27483333 0.24450000 0.24783333 0.47312500
0.48566667 0.27033333 0.24716667 0.24683333 0.49554167
0.49083333 0.26633333 0.26166667 0.24133333 0.49187500
0.46583333 0.26100000 0.24683333 0.24666667 0.47458333
0.50350000 0.28216667 0.25333333 0.24450000 0.49675000
0.47416667 0.27866667 0.25516667 0.24616667 0.48716667
0.45966667 0.27166667 0.26066667 0.25550000 0.46391667
0.46383333 0.25850000 0.25500000 0.25400000 0.46775000
0.48933333 0.26833333 0.24250000 0.24650000 0.48725000
0.48333333 0.27566667 0.25716667 0.23950000 0.47691667
0.48383333 0.27533333 0.25716667 0.24100000 0.47595833
0.48083333 0.27266667 0.24916667 0.25983333 0.47879167
0.49933333 0.27950000 0.24833333 0.25233333 0.50795833
0.49116667 0.27100000 0.25083333 0.25416667 0.48091667
0.48916667 0.27766667 0.25016667 0.24350000 0.48495833
0.47516667 0.27416667 0.25466667 0.25716667 0.47833333
0.48366667 0.26716667 0.25100000 0.24333333 0.48320833
0.47566667 0.27516667 0.26383333 0.24883333 0.48854167
0.48316667 0.26600000 0.24850000 0.26100000 0.48645833
0.50066667 0.27683333 0.24683333 0.25333333 0.49575000
0.47900000 0.27350000 0.25016667 0.24816667 0.49000000
0.49283333 0.27050000 0.25216667 0.24916667 0.47758333
0.47216667 0.26766667 0.25300000 0.23933333 0.47304167
0.46983333 0.27350000 0.25133333 0.26416667 0.47800000
0.46700000 0.27283333 0.25900000 0.25683333 0.47995833
0.51150000 0.29183333 0.25800000 0.24266667 0.51329167
0.47700000 0.26500000 0.25616667 0.25433333 0.47950000
0.48400000 0.26783333 0.25533333 0.24600000 0.47912500
