0.50498333 0.27556667 0.25330000 0.25196667 0.50328333
0.51053333 0.28156667 0.25185000 0.24885000 0.51172500
0.53253333 0.29000000 0.25843333 0.25120000 0.53320000
0.55376667 0.29730000 0.25403333 0.25195000 0.55216667
0.54596667 0.29740000 0.25548333 0.25186667 0.54702500
0.54083333 0.29256667 0.25718333 0.25145000 0.54121667
0.53065000 0.28931667 0.25643333 0.25000000 0.53209583
0.53401667 0.28945000 0.25650000 0.25036667 0.53454583
0.52925000 0.28811667 0.25443333 0.25296667 0.52892500
0.52558333 0.28438333 0.25628333 0.25210000 0.52341667
0.51540000 0.28515000 0.25421667 0.24921667 0.51656250
0.53388333 0.29021667 0.25596667 0.25375000 0.53189583
0.52838333 0.28945000 0.25606667 0.24830000 0.53145417
0.54068333 0.29225000 0.25983333 0.25135000 0.53980833
0.54826667 0.29396667 0.25671667 0.25181667 0.54751250
0.53796667 0.29273333 0.25831667 0.25095000 0.53807500
0.51803333 0.28390000 0.25468333 0.25050000 0.51600000
0.52721667 0.28750000 0.25566667 0.25210000 0.52785000
0.53348333 0.28750000 0.25411667 0.24798333 0.52802917
0.54071667 0.29208333 0.25576667 0.25023333 0.54172083
0.53918333 0.29538333 0.25426667 0.25116667 0.53977917
0.54178333 0.29485000 0.25250000 0.24928333 0.54425000
0.53660000 0.29078333 0.25726667 0.25068333 0.53403750
0.50736667 0.28191667 0.25333333 0.25163333 0.51019167
0.52591667 0.28741667 0.25856667 0.25018333 0.52542917
0.54350000 0.29755000 0.25470000 0.24816667 0.54267500
0.52316667 0.28596667 0.25666667 0.24730000 0.52547083
0.56113333 0.30453333 0.25930000 0.25306667 0.56001667
0.54055000 0.29446667 0.25575000 0.25143333 0.54014583
0.52356667 0.28763333 0.26011667 0.24865000 0.52786667
0.54185000 0.29360000 0.25771667 0.25250000 0.54397083
0.53136667 0.29168333 0.25731667 0.24923333 0.53166250
0.54641667 0.29705000 0.25415000 0.25071667 0.54258333
0.54381667 0.29278333 0.25838333 0.25335000 0.54311250
0.53581667 0.29553333 0.25656667 0.25221667 0.53515000
0.54271667 0.29466667 0.25643333 0.25411667 0.54004583
0.52051667 0.28693333 0.25560000 0.25221667 0.52365000
0.53388333 0.28850000 0.25753333 0.25000000 0.53378333
0.50855000 0.28393333 0.25126667 0.25025000 0.51482917
0.53801667 0.29096667 0.25731667 0.24936667 0.53842500
0.53858333 0.29175000 0.25943333 0.24873333 0.53705417
0.55193333 0.30273333 0.26026667 0.25060000 0.55100833
0.52985000 0.28808333 0.25483333 0.24888333 0.52998750
0.53923333 0.29408333 0.25795000 0.25285000 0.53800833
0.54643333 0.29450000 0.25520000 0.24983333 0.54689583
0.52458333 0.28755000 0.25576667 0.24875000 0.52536250
0.52973333 0.28713333 0.25715000 0.24856667 0.53104583
0.54990000 0.29445000 0.25935000 0.25131667 0.54639583
0.53213333 0.28888333 0.25550000 0.24758333 0.53137083
0.54323333 0.29588333 0.25486667 0.25316667 0.54437083
0.53581667 0.29260000 0.25550000 0.25068333 0.53637083
0.52343333 0.28576667 0.25310000 0.24681667 0.52830417
0.52380000 0.28233333 0.25426667 0.25048333 0.52245000
0.52753333 0.28893333 0.25578333 0.25255000 0.52940000
0.54368333 0.29785000 0.25678333 0.25365000 0.54628750
0.52096667 0.28328333 0.25356667 0.25310000 0.52242083
0.53223333 0.29135000 0.25391667 0.24990000 0.53225000
0.55180000 0.29495000 0.25533333 0.25293333 0.54990417
0.51720000 0.28338333 0.25593333 0.25173333 0.51645417
0.54018333 0.29703333 0.25705000 0.25066667 0.54217917
0.53941667 0.29315000 0.25365000 0.25250000 0.53895833
0.54550000 0.29518333 0.26136667 0.25475000 0.54134583
0.52773333 0.28798333 0.25491667 0.25170000 0.52778750
0.51853333 0.28373333 0.25571667 0.25070000 0.51900417
0.51483333 0.28288333 0.25675000 0.25190000 0.51586667
0.52048333 0.28331667 0.25308333 0.25393333 0.51800000
0.54018333 0.29246667 0.25798333 0.25258333 0.54163333
0.54745000 0.29821667 0.25823333 0.24795000 0.54882500
0.52650000 0.28693333 0.25535000 0.25193333 0.52887083
0.53945000 0.29683333 0.25933333 0.24980000 0.54111667
0.52360000 0.28940000 0.25661667 0.25093333 0.52348750
0.52028333 0.28683333 0.25320000 0.25101667 0.52027083
0.54850000 0.29998333 0.25670000 0.25111667 0.54845833
0.51063333 0.28138333 0.25428333 0.24805000 0.50961250
0.49628333 0.27581667 0.25323333 0.25071667 0.49662917
0.53406667 0.28933333 0.25480000 0.25246667 0.53291667
0.49275000 0.27508333 0.25181667 0.25100000 0.49080417
0.54010000 0.29305000 0.25703333 0.24980000 0.54124167
0.52776667 0.28971667 0.25405000 0.25173333 0.53121667
0.51570000 0.28345000 0.25298333 0.24830000 0.51320000
0.53315000 0.29131667 0.25815000 0.25226667 0.53533333
0.52186667 0.28620000 0.25795000 0.24885000 0.52340000
0.50853333 0.27775000 0.25216667 0.25240000 0.50803333
0.54143333 0.29395000 0.25635000 0.24883333 0.54150000
0.53965000 0.29536667 0.26003333 0.24885000 0.54080000
0.54215000 0.29166667 0.25770000 0.25091667 0.54152917
0.50213333 0.27763333 0.25320000 0.25250000 0.50057083
0.53800000 0.29511667 0.25811667 0.25246667 0.54092500
0.54043333 0.29071667 0.25421667 0.25213333 0.53800417
0.53951667 0.29130000 0.25493333 0.25438333 0.53837917
0.52876667 0.28958333 0.25233333 0.25066667 0.53120833
0.53035000 0.28950000 0.25676667 0.24641667 0.53130417
0.51048333 0.28136667 0.25366667 0.25173333 0.51015833
0.54925000 0.30151667 0.25823333 0.25515000 0.54814167
0.53926667 0.29088333 0.25533333 0.25046667 0.53825833
0.52106667 0.28341667 0.25413333 0.25061667 0.52192917
0.52041667 0.28620000 0.25315000 0.24933333 0.51848750
0.52731667 0.28690000 0.25770000 0.25186667 0.52580000
0.53320000 0.29203333 0.25685000 0.25238333 0.53255833
0.53891667 0.29266667 0.25800000 0.25273333 0.53753333
