0.67450000 0.37600000 0.29350000 0.26425000 0.66300000
0.65325000 0.36875000 0.29425000 0.26525000 0.65350000
0.68350000 0.40225000 0.29725000 0.25800000 0.67306250
0.69200000 0.39325000 0.29825000 0.26525000 0.68518750
0.68200000 0.37700000 0.28425000 0.26500000 0.66218750
0.66600000 0.36775000 0.30125000 0.26025000 0.67225000
0.66350000 0.37750000 0.28125000 0.25600000 0.66487500
0.65350000 0.38675000 0.27400000 0.25300000 0.65587500
0.68525000 0.38725000 0.29650000 0.26000000 0.67756250
0.68175000 0.38400000 0.29000000 0.25750000 0.67631250
0.65550000 0.38775000 0.28900000 0.26400000 0.66281250
0.66350000 0.38850000 0.30525000 0.25325000 0.67656250
0.66575000 0.37850000 0.29000000 0.25200000 0.66200000
0.67700000 0.39450000 0.30950000 0.26650000 0.67950000
0.65450000 0.36825000 0.29625000 0.26775000 0.66050000
0.65075000 0.34775000 0.28250000 0.25950000 0.64537500
0.68125000 0.40300000 0.28525000 0.27000000 0.68075000
0.65600000 0.36975000 0.28500000 0.25675000 0.65356250
0.68600000 0.39100000 0.29600000 0.26225000 0.68168750
0.65750000 0.37400000 0.27525000 0.25750000 0.65581250
0.67650000 0.39350000 0.30575000 0.27175000 0.68731250
0.67650000 0.39150000 0.30175000 0.28350000 0.68312500
0.66775000 0.37325000 0.28775000 0.25575000 0.66300000
0.66550000 0.38825000 0.30000000 0.27175000 0.66593750
0.69050000 0.39175000 0.29150000 0.25950000 0.68087500
0.66175000 0.36300000 0.28900000 0.27000000 0.65762500
0.68400000 0.39800000 0.31000000 0.27200000 0.67993750
0.66725000 0.38725000 0.29375000 0.25800000 0.66906250
0.65825000 0.36050000 0.29075000 0.27525000 0.65043750
0.64650000 0.36775000 0.28225000 0.25125000 0.65312500
0.67225000 0.36200000 0.28550000 0.26275000 0.66925000
0.67650000 0.38975000 0.28750000 0.26975000 0.66937500
0.65925000 0.36175000 0.30050000 0.26400000 0.66325000
0.66400000 0.39175000 0.28875000 0.26425000 0.66125000
0.69775000 0.40750000 0.30075000 0.27125000 0.68187500
0.66275000 0.38175000 0.29925000 0.25875000 0.66387500
0.67350000 0.39025000 0.29450000 0.27325000 0.66462500
0.65800000 0.36025000 0.28850000 0.25650000 0.66637500
0.67600000 0.37875000 0.30300000 0.26525000 0.67100000
0.68425000 0.38625000 0.28800000 0.25000000 0.67050000
0.65975000 0.37375000 0.28900000 0.26950000 0.65712500
0.68125000 0.38750000 0.29275000 0.26350000 0.68356250
0.66100000 0.38150000 0.29000000 0.26475000 0.67175000
0.66075000 0.37475000 0.28025000 0.25150000 0.65781250
0.66200000 0.39350000 0.28800000 0.26800000 0.65368750
0.66375000 0.37750000 0.28325000 0.24650000 0.66081250
0.66850000 0.38375000 0.29100000 0.26675000 0.66531250
0.68825000 0.42200000 0.30600000 0.27150000 0.69768750
0.65150000 0.38350000 0.29075000 0.26575000 0.65793750
0.66725000 0.38225000 0.29525000 0.25575000 0.66887500
