0.25589474 0.25052632 0.24857895 0.25268421 0.25976316
0.25657895 0.24826316 0.25552632 0.25089474 0.24965789
0.26084211 0.25073684 0.25389474 0.24905263 0.25647368
0.25578947 0.25121053 0.25252632 0.25042105 0.25732895
0.25531579 0.25157895 0.25400000 0.25042105 0.25368421
0.25931579 0.25000000 0.25000000 0.24963158 0.25871053
0.25415789 0.25036842 0.25236842 0.24510526 0.25684211
0.25273684 0.25005263 0.24800000 0.25121053 0.25564474
0.25642105 0.25431579 0.25410526 0.24521053 0.25584211
0.26300000 0.24752632 0.25326316 0.25378947 0.25800000
0.25842105 0.25368421 0.25052632 0.25231579 0.25903947
0.25889474 0.24915789 0.25294737 0.25010526 0.25796053
0.25215789 0.24084211 0.25026316 0.25094737 0.25311842
0.25289474 0.24873684 0.25505263 0.25026316 0.25821053
0.25394737 0.24794737 0.25384211 0.25031579 0.25527632
0.25431579 0.24810526 0.25347368 0.24847368 0.25238158
0.26463158 0.25536842 0.25052632 0.24542105 0.25838158
0.25547368 0.25042105 0.24857895 0.24952632 0.25439474
0.25573684 0.25005263 0.24363158 0.25215789 0.25997368
0.25505263 0.25305263 0.24831579 0.25094737 0.25510526
0.26031579 0.25178947 0.24852632 0.24863158 0.25859211
0.26178947 0.25063158 0.25252632 0.25505263 0.26211842
0.25394737 0.25415789 0.25310526 0.25031579 0.25635526
0.25573684 0.24357895 0.24810526 0.25205263 0.25760526
0.25800000 0.24721053 0.24831579 0.24189474 0.26031579
0.25863158 0.24410526 0.24921053 0.25257895 0.25488158
0.25800000 0.25342105 0.25015789 0.25463158 0.25838158
0.25973684 0.24663158 0.25142105 0.25084211 0.25810526
0.25047368 0.24647368 0.25115789 0.24752632 0.25464474
0.25921053 0.24894737 0.25357895 0.24521053 0.25567105
0.26431579 0.25236842 0.25336842 0.25378947 0.26069737
0.25857895 0.24636842 0.25052632 0.25026316 0.25705263
0.25821053 0.25336842 0.25194737 0.25389474 0.26061842
0.25594737 0.24878947 0.25257895 0.25000000 0.25548684
0.26068421 0.24947368 0.24631579 0.24557895 0.25843421
0.25347368 0.24721053 0.25021053 0.25452632 0.25503947
0.25868421 0.24731579 0.25189474 0.24810526 0.25846053
0.25900000 0.25263158 0.25242105 0.24621053 0.25282895
0.25757895 0.24847368 0.24605263 0.24915789 0.25573684
0.25531579 0.24789474 0.25321053 0.24868421 0.25421053
0.25926316 0.25126316 0.24905263 0.25410526 0.25711842
0.26115789 0.24921053 0.25026316 0.24884211 0.25760526
0.25800000 0.25057895 0.24584211 0.25294737 0.25867105
0.25210526 0.24857895 0.25452632 0.24815789 0.25544737
0.25731579 0.24994737 0.24731579 0.24194737 0.25326316
0.25215789 0.25326316 0.25031579 0.25421053 0.25327632
0.25542105 0.24963158 0.25378947 0.24568421 0.25985526
0.26273684 0.25005263 0.24910526 0.25147368 0.26100000
0.25736842 0.24778947 0.25194737 0.25136842 0.25456579
0.26221053 0.24626316 0.25294737 0.25631579 0.26002632
