0.32410000 0.24640000 0.24300000 0.24780000 0.32027500
0.31450000 0.24600000 0.25140000 0.25450000 0.31500000
0.32510000 0.25410000 0.25040000 0.24640000 0.32740000
0.33690000 0.25250000 0.24910000 0.25480000 0.33435000
0.32560000 0.24630000 0.24820000 0.24850000 0.32537500
0.33440000 0.24720000 0.25190000 0.25090000 0.32337500
0.31780000 0.24770000 0.25400000 0.26240000 0.32155000
0.31930000 0.25430000 0.24870000 0.24700000 0.31520000
0.34130000 0.24960000 0.25330000 0.24470000 0.33357500
0.31940000 0.25430000 0.25010000 0.24870000 0.32522500
0.32000000 0.25280000 0.25780000 0.25950000 0.31582500
0.32090000 0.25100000 0.25450000 0.24880000 0.32487500
0.31950000 0.25130000 0.25280000 0.23850000 0.32362500
0.33230000 0.24760000 0.25320000 0.24150000 0.32672500
0.31840000 0.25070000 0.24700000 0.24690000 0.31707500
0.30120000 0.25360000 0.25460000 0.25010000 0.30907500
0.32940000 0.25160000 0.25330000 0.25180000 0.33125000
0.31840000 0.24610000 0.24730000 0.24680000 0.31125000
0.33050000 0.25860000 0.24850000 0.25420000 0.33332500
0.31700000 0.24670000 0.25170000 0.24940000 0.31802500
0.33510000 0.25850000 0.25020000 0.24760000 0.33137500
0.33170000 0.25330000 0.24590000 0.25600000 0.33087500
0.32160000 0.24800000 0.25730000 0.24920000 0.31900000
0.32840000 0.25360000 0.24990000 0.25360000 0.32760000
0.33250000 0.25570000 0.25350000 0.25090000 0.32900000
0.30280000 0.25530000 0.24710000 0.25020000 0.31615000
0.33240000 0.25000000 0.24970000 0.24620000 0.33220000
0.32180000 0.25660000 0.23970000 0.24600000 0.32550000
0.31450000 0.25520000 0.24700000 0.24910000 0.31477500
0.31240000 0.24600000 0.25710000 0.25270000 0.30925000
0.31660000 0.25240000 0.25200000 0.24730000 0.32245000
0.31970000 0.24560000 0.25210000 0.25450000 0.32550000
0.31920000 0.24640000 0.24550000 0.25470000 0.31932500
0.32330000 0.25490000 0.25210000 0.24980000 0.32175000
0.34370000 0.25760000 0.24940000 0.25260000 0.33645000
0.31820000 0.25200000 0.25020000 0.25370000 0.32062500
0.32510000 0.25010000 0.25220000 0.25100000 0.32292500
0.31710000 0.25060000 0.25030000 0.25380000 0.31820000
0.31770000 0.25500000 0.25550000 0.24590000 0.32425000
0.32160000 0.24580000 0.25210000 0.24890000 0.32057500
0.32110000 0.25370000 0.25730000 0.25280000 0.32107500
0.33610000 0.25450000 0.24490000 0.24830000 0.32402500
0.32900000 0.25030000 0.24720000 0.25300000 0.32605000
0.31400000 0.24920000 0.25020000 0.24230000 0.31665000
0.31430000 0.24730000 0.24350000 0.25370000 0.31592500
0.31880000 0.25070000 0.24700000 0.26030000 0.31790000
0.32510000 0.24800000 0.24210000 0.24470000 0.32100000
0.33840000 0.25590000 0.24340000 0.24760000 0.34087500
0.32370000 0.25220000 0.25920000 0.24840000 0.31917500
0.32320000 0.25490000 0.24600000 0.25930000 0.32132500
