0.59875000 0.34475000 0.28375000 0.25300000 0.62375000
0.60250000 0.33175000 0.28775000 0.25675000 0.61025000
0.62325000 0.36000000 0.26925000 0.27750000 0.63375000
0.63925000 0.36550000 0.27700000 0.25825000 0.63543750
0.63125000 0.34050000 0.28975000 0.25350000 0.62175000
0.62200000 0.35200000 0.26350000 0.26650000 0.62743750
0.63075000 0.33700000 0.27400000 0.24850000 0.62181250
0.62350000 0.33800000 0.26050000 0.25550000 0.60775000
0.63925000 0.32800000 0.27925000 0.25475000 0.63825000
0.63000000 0.33025000 0.26700000 0.24325000 0.62675000
0.61450000 0.31975000 0.26750000 0.26150000 0.62231250
0.61850000 0.34900000 0.29575000 0.25625000 0.62687500
0.62525000 0.33475000 0.28325000 0.24525000 0.62093750
0.61775000 0.34575000 0.26725000 0.25800000 0.63537500
0.61900000 0.32750000 0.25925000 0.25625000 0.61243750
0.59900000 0.32475000 0.27625000 0.26675000 0.60437500
0.63275000 0.35375000 0.26725000 0.25525000 0.64018750
0.61075000 0.33350000 0.26150000 0.25100000 0.60893750
0.64675000 0.35125000 0.29275000 0.25475000 0.63631250
0.61025000 0.33175000 0.26600000 0.25500000 0.60875000
0.64625000 0.36350000 0.27700000 0.25725000 0.63193750
0.64475000 0.35400000 0.28050000 0.24350000 0.64862500
0.61425000 0.32550000 0.27575000 0.26275000 0.62150000
0.61650000 0.34575000 0.26900000 0.26575000 0.63225000
0.63550000 0.35400000 0.27500000 0.26450000 0.63312500
0.61175000 0.34600000 0.26700000 0.25775000 0.61193750
0.63175000 0.36225000 0.29225000 0.26125000 0.64131250
0.62075000 0.35775000 0.26850000 0.25950000 0.62737500
0.61150000 0.33950000 0.27150000 0.25750000 0.60625000
0.60400000 0.33125000 0.27125000 0.26150000 0.60331250
0.62925000 0.36000000 0.26750000 0.25600000 0.62993750
0.62825000 0.34650000 0.26200000 0.25950000 0.62787500
0.61825000 0.33825000 0.26400000 0.27350000 0.61993750
0.63125000 0.34225000 0.27375000 0.27225000 0.62781250
0.64500000 0.36575000 0.26750000 0.25950000 0.64587500
0.63050000 0.35100000 0.26175000 0.27075000 0.62712500
0.62725000 0.34800000 0.27300000 0.25350000 0.62681250
0.61750000 0.33075000 0.27050000 0.26125000 0.61675000
0.61900000 0.34350000 0.26625000 0.25275000 0.62450000
0.63000000 0.34750000 0.27525000 0.25775000 0.62756250
0.64150000 0.34175000 0.26850000 0.25300000 0.61893750
0.64125000 0.34400000 0.27450000 0.24925000 0.62987500
0.63175000 0.35125000 0.27375000 0.25450000 0.62893750
0.62225000 0.33400000 0.26275000 0.25100000 0.61843750
0.60300000 0.34125000 0.25675000 0.24700000 0.61512500
0.60725000 0.34175000 0.27025000 0.25775000 0.61700000
0.61750000 0.33025000 0.27000000 0.25900000 0.62356250
0.65475000 0.35875000 0.29075000 0.25100000 0.64462500
0.62900000 0.33750000 0.28050000 0.24575000 0.62343750
0.62250000 0.34925000 0.27250000 0.25800000 0.62237500
