0.25793750 0.25193750 0.24887500 0.25218750 0.26204688
0.25637500 0.25162500 0.24718750 0.24881250 0.26287500
0.26481250 0.24937500 0.25425000 0.24731250 0.26735938
0.26731250 0.24981250 0.25650000 0.26068750 0.26904688
0.26056250 0.24906250 0.24631250 0.25400000 0.26820312
0.26362500 0.25618750 0.25231250 0.25831250 0.26610937
0.25968750 0.24843750 0.25231250 0.24500000 0.26350000
0.26937500 0.25575000 0.25037500 0.24975000 0.25807812
0.26268750 0.25112500 0.25206250 0.25037500 0.26945313
0.26606250 0.25262500 0.24750000 0.24850000 0.26931250
0.26300000 0.24968750 0.25156250 0.25006250 0.26539062
0.27168750 0.25493750 0.25187500 0.24468750 0.26543750
0.26543750 0.24956250 0.25225000 0.25125000 0.26437500
0.26243750 0.24868750 0.25137500 0.24643750 0.26395313
0.26393750 0.25081250 0.25218750 0.24856250 0.25975000
0.26243750 0.25262500 0.24787500 0.24962500 0.26006250
0.26850000 0.24750000 0.25543750 0.24437500 0.27014063
0.26081250 0.24450000 0.24962500 0.25306250 0.26400000
0.26450000 0.24906250 0.24575000 0.24825000 0.27439062
0.26256250 0.24568750 0.24981250 0.25050000 0.26110937
0.27368750 0.24987500 0.25437500 0.25250000 0.26842187
0.26375000 0.24862500 0.25412500 0.25237500 0.26515625
0.26462500 0.25218750 0.25012500 0.24587500 0.26185938
0.26462500 0.25550000 0.24750000 0.25443750 0.26584375
0.26493750 0.24787500 0.25175000 0.25125000 0.26490625
0.25737500 0.25043750 0.24712500 0.25043750 0.26176563
0.26668750 0.25375000 0.25450000 0.24700000 0.26881250
0.26162500 0.25168750 0.25006250 0.25112500 0.26601562
0.26468750 0.24993750 0.24537500 0.24812500 0.26346875
0.25918750 0.25293750 0.25081250 0.25943750 0.25835938
0.26162500 0.25093750 0.24675000 0.25068750 0.26506250
0.26206250 0.25031250 0.25593750 0.25193750 0.26571875
0.25975000 0.25575000 0.25325000 0.25231250 0.26642187
0.26687500 0.24337500 0.24837500 0.25387500 0.26378125
0.27156250 0.24850000 0.24581250 0.25225000 0.26915625
0.26087500 0.25043750 0.24312500 0.24668750 0.26295313
0.26881250 0.25243750 0.24725000 0.25368750 0.26662500
0.26562500 0.24556250 0.25600000 0.24762500 0.26140625
0.26000000 0.24756250 0.24637500 0.25618750 0.26606250
0.26762500 0.25387500 0.25025000 0.24850000 0.26751562
0.26237500 0.25531250 0.24943750 0.24750000 0.26385938
0.27162500 0.24781250 0.24975000 0.25400000 0.27021875
0.26662500 0.24950000 0.25112500 0.25343750 0.26618750
0.25887500 0.25162500 0.25031250 0.25500000 0.26159375
0.25975000 0.25412500 0.24937500 0.24962500 0.26337500
0.26456250 0.25087500 0.24343750 0.24925000 0.26620312
0.26062500 0.25193750 0.25062500 0.25187500 0.26589062
0.26812500 0.24800000 0.24593750 0.24668750 0.27103125
0.26112500 0.24993750 0.24662500 0.25418750 0.26451562
0.26487500 0.25768750 0.25125000 0.24543750 0.26401562
