0.24970455 0.24998636 0.24968939 0.25044848 0.25008864
0.25013636 0.25021515 0.25023333 0.24924697 0.25025189
0.25033333 0.25002424 0.25003182 0.24995758 0.24973068
0.24941061 0.25088333 0.24999545 0.24920455 0.25010644
0.24962121 0.24984394 0.25015303 0.24989848 0.24966856
0.25051667 0.25039848 0.25013788 0.24981212 0.25006174
0.24994848 0.24942879 0.25001515 0.25041667 0.24983523
0.25011667 0.25050758 0.25007879 0.25025152 0.25041667
0.25059394 0.25029848 0.25028485 0.25010303 0.24965227
0.25017273 0.24958333 0.25011061 0.25039394 0.25025303
0.25060909 0.25009545 0.25120909 0.25011818 0.25033939
0.25103182 0.24991667 0.25010000 0.24927121 0.24999091
0.24964394 0.24969091 0.25028939 0.25034848 0.25016629
0.25069545 0.24940758 0.24941515 0.25002121 0.25019697
0.24991970 0.24948030 0.24945303 0.25027121 0.25052652
0.25019242 0.24957576 0.25088030 0.24968636 0.24984735
0.24972121 0.25060152 0.25102121 0.25005455 0.25033712
0.24908030 0.24989848 0.25058030 0.25094848 0.24969167
0.24990909 0.24956970 0.25003485 0.25140152 0.25026288
0.25020000 0.24944242 0.24993636 0.24975909 0.24991061
0.25024697 0.24931364 0.25046212 0.24981364 0.25031591
0.24952424 0.25033333 0.25070152 0.25115000 0.24975833
0.25060455 0.25039091 0.24939848 0.25029394 0.24941515
0.25067121 0.25049242 0.25008939 0.24912424 0.25009924
0.24993182 0.25032121 0.25076212 0.24948030 0.25028712
0.24968788 0.25012879 0.25038485 0.25033030 0.25007500
0.24911515 0.24936667 0.25014394 0.25001818 0.24985076
0.24927121 0.25012879 0.24950758 0.24915455 0.25046894
0.25053333 0.25063939 0.25051212 0.25077727 0.24978447
0.25015000 0.25010000 0.25008182 0.24993788 0.25047955
0.24996515 0.25003788 0.24989242 0.25016667 0.25017500
0.25025606 0.25000455 0.25088182 0.24964394 0.24975758
0.24953182 0.24908030 0.25091667 0.25035909 0.24997045
0.24889091 0.24931061 0.25011818 0.25008030 0.24997273
0.24986970 0.25064848 0.24945758 0.25074091 0.24983182
0.25084697 0.24981364 0.24926818 0.24987121 0.25006061
0.24937424 0.24992121 0.24942121 0.25009394 0.24985720
0.24884091 0.25032879 0.25025606 0.25045606 0.25027500
0.24994394 0.25022273 0.25091364 0.24984697 0.24975076
0.24948030 0.25040758 0.24987879 0.25066364 0.24994697
0.25073030 0.24989848 0.25041667 0.24930909 0.24981250
0.25051061 0.25050303 0.25037879 0.25043182 0.25000227
0.24968485 0.24933182 0.25015758 0.24983333 0.24995417
0.25013030 0.25008485 0.25024848 0.24989091 0.24987538
0.25040000 0.25049697 0.25063182 0.25026364 0.25014432
0.25016818 0.25051212 0.25063939 0.25085606 0.25023106
0.25048636 0.24957273 0.25010455 0.24948636 0.24958068
0.25115000 0.24945303 0.24986818 0.24979242 0.24952955
0.24963333 0.24943636 0.24980909 0.24987727 0.25004811
0.24847121 0.24945152 0.24981212 0.25011818 0.25008826
0.24996515 0.25027273 0.25033333 0.25007576 0.25038636
0.25032727 0.24914091 0.25023182 0.24980909 0.24994053
0.24970152 0.24950455 0.25055909 0.24975455 0.25005000
0.24986212 0.25014394 0.24943182 0.24992121 0.25015417
0.24955909 0.25115909 0.24971515 0.25090758 0.25046970
0.24995000 0.24993182 0.25032121 0.25005303 0.25016856
0.25026061 0.24944697 0.24973788 0.25029848 0.24965076
0.25011818 0.24969091 0.25085758 0.25045455 0.24970758
0.24960455 0.24914697 0.24841818 0.24973030 0.25039167
0.24964091 0.24959545 0.25033939 0.25004848 0.25027955
0.25004394 0.24950000 0.24958333 0.25033636 0.24985265
0.25061970 0.25086515 0.25036061 0.24958030 0.24978750
0.25092424 0.25078333 0.25042576 0.25031667 0.25005606
0.24998030 0.24917424 0.25156970 0.24975000 0.24984735
0.25042727 0.24995152 0.25033030 0.25034394 0.25013485
0.25005455 0.25032879 0.25034848 0.25032273 0.25003371
0.25015758 0.25015758 0.24997576 0.24847121 0.25012386
0.24928485 0.25072879 0.25008636 0.25051515 0.25013864
0.24935303 0.25057424 0.25071515 0.25063939 0.24977273
0.25033485 0.25027273 0.24945000 0.24999848 0.25011364
0.25066667 0.24988182 0.25002424 0.24965606 0.24971288
0.24991061 0.25070152 0.25025152 0.25058333 0.25044886
0.25033030 0.24915758 0.25061818 0.25083030 0.25029735
0.24997879 0.24963788 0.25151061 0.25001061 0.24995076
0.24929697 0.25025303 0.25065758 0.25011364 0.24974848
0.24930909 0.25030606 0.24981061 0.25019242 0.25016439
0.24964242 0.24975303 0.24935758 0.25086818 0.24957917
0.25027879 0.24989242 0.24975000 0.25028939 0.25005947
0.24984242 0.25028636 0.25116818 0.25014242 0.25017197
0.25006970 0.24943939 0.25035152 0.24926667 0.25006970
0.24988030 0.24958485 0.25000152 0.25022424 0.25020379
0.25077879 0.25023182 0.25096970 0.24931364 0.25021212
0.25016970 0.25004242 0.24965303 0.24956818 0.25051288
0.24914394 0.25020455 0.25047273 0.25004848 0.25030909
0.25033333 0.24979697 0.24965606 0.24964091 0.25005455
0.25088333 0.24948030 0.25055455 0.24992879 0.24973712
0.25075606 0.25049242 0.25055000 0.25000455 0.25020114
0.25042424 0.24948788 0.24893333 0.25003182 0.24987614
0.24909848 0.24975455 0.24958788 0.25005758 0.25029394
0.24925606 0.24979091 0.24950303 0.25060455 0.25038864
0.24955606 0.24975152 0.24994545 0.25049242 0.24977159
0.24961970 0.25031667 0.24968636 0.24966061 0.24986894
0.24990758 0.24948333 0.25083636 0.24944545 0.25012311
0.25009242 0.24982727 0.24950909 0.24921212 0.24904583
0.25003030 0.25026515 0.25006818 0.25044394 0.24993598
0.24903182 0.25015152 0.25070455 0.25010455 0.24998674
0.24936667 0.24990455 0.25065909 0.25071061 0.25061477
0.25010758 0.24943485 0.24979697 0.24970303 0.25015644
0.25101667 0.24918939 0.25014848 0.24972273 0.24975833
0.25020909 0.24927576 0.24943485 0.25024091 0.25012879
