0.72310000 0.43926667 0.32723333 0.28170000 0.72670833
0.73106667 0.44980000 0.33126667 0.28460000 0.73389167
0.74263333 0.46606667 0.34506667 0.29203333 0.75065833
0.76040000 0.49560000 0.36170000 0.30296667 0.76219167
0.75613333 0.48373333 0.35490000 0.30516667 0.75892500
0.75670000 0.48120000 0.35536667 0.29630000 0.75188333
0.74033333 0.46636667 0.34566667 0.29096667 0.74825833
0.75033333 0.47016667 0.34703333 0.29313333 0.74799167
0.74583333 0.46266667 0.34933333 0.28460000 0.74572500
0.74300000 0.46220000 0.34140000 0.28690000 0.74146667
0.73530000 0.45310000 0.33693333 0.28330000 0.73506667
0.74553333 0.47360000 0.34313333 0.29163333 0.74800000
0.74680000 0.46076667 0.35130000 0.29350000 0.74663333
0.75440000 0.47450000 0.35233333 0.29516667 0.75293333
0.76053333 0.48830000 0.35463333 0.29936667 0.75708333
0.75133333 0.46853333 0.35090000 0.29713333 0.74963333
0.73570000 0.45483333 0.33846667 0.28266667 0.73810833
0.74353333 0.46360000 0.33993333 0.29280000 0.74370833
0.74143333 0.46380000 0.34793333 0.29263333 0.74554167
0.75323333 0.47783333 0.34983333 0.29466667 0.75422500
0.75176667 0.47056667 0.34230000 0.29956667 0.75281667
0.75380000 0.48596667 0.35326667 0.29260000 0.75558333
0.75100000 0.47400000 0.34743333 0.29290000 0.74955833
0.73193333 0.44726667 0.33053333 0.28383333 0.73130000
0.74360000 0.46393333 0.33926667 0.29103333 0.74164167
0.75460000 0.47776667 0.35266667 0.29123333 0.75410000
0.74536667 0.46500000 0.34146667 0.29173333 0.74266667
0.76553333 0.49560000 0.36656667 0.30906667 0.76763333
0.75493333 0.47436667 0.34653333 0.29730000 0.75142500
0.74550000 0.47006667 0.34123333 0.29443333 0.73998333
0.75603333 0.48313333 0.35663333 0.29900000 0.75558333
0.74830000 0.46940000 0.34443333 0.29600000 0.74879167
0.75173333 0.47533333 0.35193333 0.29453333 0.75178333
0.75676667 0.47976667 0.35863333 0.29540000 0.75663333
0.75203333 0.47163333 0.34706667 0.29403333 0.74880000
0.75346667 0.47560000 0.35700000 0.29453333 0.75190000
0.74496667 0.45830000 0.34060000 0.29063333 0.74025000
0.75163333 0.46960000 0.34496667 0.29816667 0.74785833
0.73206667 0.45260000 0.33220000 0.29006667 0.73479167
0.75913333 0.47573333 0.34946667 0.30056667 0.74831667
0.75313333 0.47290000 0.34803333 0.29506667 0.75107500
0.76413333 0.48620000 0.36543333 0.29920000 0.76170000
0.74446667 0.46563333 0.34490000 0.29410000 0.74668333
0.74823333 0.47513333 0.34713333 0.29433333 0.75200000
0.75570000 0.48066667 0.35590000 0.29320000 0.75590000
0.74556667 0.46136667 0.33936667 0.28656667 0.74173333
0.74376667 0.46653333 0.34543333 0.28833333 0.74683333
0.75613333 0.48096667 0.35146667 0.29830000 0.75917500
0.74540000 0.47156667 0.34800000 0.29250000 0.74710833
0.75740000 0.48240000 0.35980000 0.29656667 0.75706667
0.74700000 0.47106667 0.34923333 0.29786667 0.74936667
0.74730000 0.45773333 0.34296667 0.28756667 0.74235000
0.73866667 0.45870000 0.34100000 0.29070000 0.74073333
0.74063333 0.46593333 0.34050000 0.29053333 0.74642500
0.75786667 0.48120000 0.35406667 0.29343333 0.75915833
0.73406667 0.45903333 0.34050000 0.28900000 0.74070833
0.74663333 0.46803333 0.34813333 0.29193333 0.74825833
0.76023333 0.48626667 0.35693333 0.29970000 0.76352500
0.73550000 0.45183333 0.33353333 0.28833333 0.73537500
0.75410000 0.47860000 0.35190000 0.29863333 0.75306667
0.75350000 0.46963333 0.34600000 0.29723333 0.75300000
0.75340000 0.47053333 0.35186667 0.29566667 0.75432500
0.74816667 0.46823333 0.34796667 0.28883333 0.74503333
0.73836667 0.45746667 0.34073333 0.28876667 0.73601667
0.73353333 0.45206667 0.32986667 0.28386667 0.73288333
0.73636667 0.45583333 0.33616667 0.28556667 0.73459167
0.75060000 0.47990000 0.35336667 0.29876667 0.75411667
0.75846667 0.48806667 0.35843333 0.30300000 0.75680000
0.74613333 0.46903333 0.34433333 0.29046667 0.74627500
0.75096667 0.47413333 0.35273333 0.30056667 0.75454167
0.74086667 0.46473333 0.34070000 0.28893333 0.74036667
0.73683333 0.45573333 0.33823333 0.28620000 0.74099167
0.75490000 0.48490000 0.36093333 0.30153333 0.76060833
0.73220000 0.44296667 0.33103333 0.28580000 0.73054167
0.72120000 0.43573333 0.32090000 0.27980000 0.71946667
0.75030000 0.47023333 0.34566667 0.29613333 0.74826667
0.71670000 0.42796667 0.31540000 0.27856667 0.71844167
0.74916667 0.48303333 0.35000000 0.29806667 0.75428333
0.74720000 0.46740000 0.34470000 0.29290000 0.74306667
0.73153333 0.44646667 0.33293333 0.28266667 0.73345000
0.74876667 0.47616667 0.34356667 0.29156667 0.74765000
0.74680000 0.46346667 0.33710000 0.29153333 0.73910000
0.73046667 0.44460000 0.33293333 0.27796667 0.73040000
0.75490000 0.47933333 0.34980000 0.29713333 0.75388333
0.75163333 0.47473333 0.35240000 0.29600000 0.75620833
0.75576667 0.48196667 0.35633333 0.29893333 0.75441667
0.72136667 0.43936667 0.31790000 0.27990000 0.72281667
0.75113333 0.47770000 0.35170000 0.29333333 0.75329167
0.75136667 0.47666667 0.34730000 0.29353333 0.75218333
0.75280000 0.47606667 0.35446667 0.29340000 0.75136667
0.74650000 0.46656667 0.34976667 0.29226667 0.74790000
0.74540000 0.47060000 0.34560000 0.29276667 0.74719167
0.72430000 0.44780000 0.32630000 0.27853333 0.72816667
0.75786667 0.48410000 0.35580000 0.29473333 0.75891667
0.74420000 0.47820000 0.34783333 0.29546667 0.75017500
0.74190000 0.46046667 0.34006667 0.28323333 0.74085000
0.74020000 0.45600000 0.33466667 0.28700000 0.73726667
0.74263333 0.46583333 0.34496667 0.28876667 0.74310833
0.74990000 0.47136667 0.34216667 0.29366667 0.74829167
0.75066667 0.47856667 0.35083333 0.29776667 0.75505000
