0.44285714 0.25957143 0.25128571 0.24457143 0.44057143
0.42428571 0.26557143 0.25271429 0.24642857 0.42953571
0.44400000 0.26642857 0.24214286 0.25157143 0.43828571
0.44728571 0.26642857 0.25128571 0.25300000 0.45989286
0.44685714 0.26628571 0.25114286 0.25085714 0.43614286
0.43357143 0.26614286 0.26428571 0.24971429 0.44464286
0.42828571 0.26085714 0.25114286 0.25100000 0.43139286
0.43242857 0.26485714 0.24971429 0.25914286 0.42435714
0.45814286 0.26771429 0.25842857 0.25100000 0.45353571
0.44542857 0.26042857 0.25157143 0.24714286 0.44489286
0.43471429 0.25985714 0.25228571 0.24800000 0.42932143
0.43600000 0.26942857 0.25714286 0.24957143 0.43828571
0.45057143 0.25457143 0.25157143 0.25700000 0.44021429
0.45385714 0.25985714 0.24857143 0.25085714 0.45203571
0.42128571 0.26957143 0.25728571 0.24200000 0.42621429
0.42285714 0.26128571 0.24757143 0.25714286 0.41957143
0.44814286 0.26142857 0.25671429 0.25114286 0.45200000
0.39942857 0.25828571 0.25400000 0.25414286 0.41914286
0.44100000 0.25785714 0.25414286 0.25314286 0.44678571
0.42371429 0.26757143 0.25314286 0.25428571 0.42357143
0.47300000 0.26628571 0.25557143 0.25671429 0.45160714
0.44885714 0.25257143 0.25485714 0.25557143 0.45053571
0.44628571 0.24871429 0.25314286 0.25800000 0.43721429
0.44400000 0.26828571 0.24900000 0.25000000 0.44625000
0.45128571 0.26328571 0.25157143 0.25142857 0.43678571
0.42885714 0.25285714 0.25257143 0.23685714 0.42314286
0.45242857 0.26071429 0.24314286 0.25085714 0.45200000
0.43971429 0.27185714 0.25200000 0.24471429 0.43332143
0.42357143 0.26342857 0.25557143 0.24300000 0.42100000
0.41871429 0.26057143 0.24342857 0.24871429 0.42064286
0.43671429 0.25742857 0.24857143 0.24442857 0.43396429
0.44671429 0.26000000 0.25214286 0.25771429 0.43792857
0.43985714 0.26014286 0.25800000 0.23900000 0.43300000
0.43371429 0.26842857 0.23914286 0.25385714 0.43982143
0.45200000 0.27214286 0.25200000 0.25171429 0.45639286
0.43228571 0.26457143 0.24900000 0.26114286 0.43935714
0.44185714 0.26014286 0.24985714 0.24900000 0.43782143
0.42557143 0.27228571 0.25128571 0.24542857 0.43057143
0.44428571 0.26457143 0.24871429 0.24971429 0.43796429
0.44600000 0.27057143 0.24500000 0.25685714 0.44446429
0.43371429 0.26257143 0.24542857 0.25200000 0.43103571
0.44785714 0.27028571 0.25057143 0.25142857 0.44667857
0.44214286 0.26385714 0.24742857 0.25214286 0.44235714
0.42414286 0.25971429 0.25642857 0.25285714 0.42400000
0.42242857 0.26171429 0.25100000 0.24285714 0.43075000
0.43485714 0.25742857 0.25357143 0.25571429 0.42992857
0.43271429 0.25685714 0.24600000 0.24685714 0.42960714
0.46614286 0.27671429 0.24542857 0.24700000 0.47185714
0.43814286 0.25257143 0.24685714 0.25971429 0.42857143
0.44071429 0.26885714 0.24900000 0.25114286 0.43157143
