0.71500000 0.41425000 0.30200000 0.26950000 0.70725000
0.71050000 0.41250000 0.30600000 0.26350000 0.69725000
0.70800000 0.42675000 0.31575000 0.27175000 0.71487500
0.72875000 0.44275000 0.34250000 0.27875000 0.72268750
0.71350000 0.41925000 0.31475000 0.26400000 0.70600000
0.73550000 0.40825000 0.31275000 0.27750000 0.71287500
0.69825000 0.42525000 0.30950000 0.26775000 0.70700000
0.70600000 0.41275000 0.30325000 0.28625000 0.69356250
0.71300000 0.44775000 0.33325000 0.28725000 0.72543750
0.71925000 0.43075000 0.31750000 0.27425000 0.71418750
0.68700000 0.42550000 0.31075000 0.27550000 0.69812500
0.71725000 0.43075000 0.32725000 0.27325000 0.72206250
0.70800000 0.43000000 0.29625000 0.28175000 0.70856250
0.72325000 0.44000000 0.31800000 0.28125000 0.71531250
0.69325000 0.41200000 0.31900000 0.27425000 0.69600000
0.69225000 0.40200000 0.29450000 0.27075000 0.69225000
0.71525000 0.43125000 0.31450000 0.27050000 0.71506250
0.69525000 0.40625000 0.30375000 0.27275000 0.69075000
0.72275000 0.43050000 0.31725000 0.28200000 0.71418750
0.68975000 0.39900000 0.29050000 0.27350000 0.70056250
0.71050000 0.43400000 0.32800000 0.27675000 0.71643750
0.72575000 0.44075000 0.32100000 0.27625000 0.72300000
0.70425000 0.41375000 0.31475000 0.27650000 0.70287500
0.71800000 0.41550000 0.30775000 0.27750000 0.71262500
0.71575000 0.44500000 0.32325000 0.27600000 0.71712500
0.69225000 0.41100000 0.30225000 0.26325000 0.70281250
0.72525000 0.43875000 0.32950000 0.27375000 0.72100000
0.71225000 0.43275000 0.31325000 0.26200000 0.70868750
0.70175000 0.39775000 0.31900000 0.26125000 0.69362500
0.69125000 0.41300000 0.30200000 0.26375000 0.69512500
0.71025000 0.43225000 0.32650000 0.27025000 0.71406250
0.72600000 0.41350000 0.31300000 0.27600000 0.70831250
0.70325000 0.42350000 0.31175000 0.27200000 0.70625000
0.71400000 0.42925000 0.32525000 0.27250000 0.71200000
0.72675000 0.45200000 0.32400000 0.29125000 0.72500000
0.70425000 0.42050000 0.32275000 0.27075000 0.70237500
0.71525000 0.41275000 0.30975000 0.27150000 0.71481250
0.70475000 0.40250000 0.30125000 0.26075000 0.70112500
0.71550000 0.41375000 0.31900000 0.26275000 0.71512500
0.71075000 0.41600000 0.31325000 0.27600000 0.71356250
0.70725000 0.40650000 0.31875000 0.26425000 0.70162500
0.71550000 0.44125000 0.32225000 0.27475000 0.72075000
0.71375000 0.43125000 0.31350000 0.27725000 0.70943750
0.69550000 0.40275000 0.30300000 0.26875000 0.70187500
0.70025000 0.41175000 0.29650000 0.26800000 0.69968750
0.69325000 0.42950000 0.31375000 0.28000000 0.70993750
0.70850000 0.41525000 0.30700000 0.27075000 0.71337500
0.72825000 0.46025000 0.32725000 0.27775000 0.73093750
0.70475000 0.42700000 0.31825000 0.27650000 0.70831250
0.72075000 0.42475000 0.31200000 0.28375000 0.70643750
